002904
005328
006228
006812
006831
006846
007316
007830
007897
008232
011022
011208
012254
015727
015840
015946
015991
016099
016103
016468
017059
017370
017424
018240
018319
018362
022734
023555
023597
023627
029444
029986
030305
030369
030989
031361
031556
031598
031743
031897
032001
033206
033477
033515
033822
034972
035072
035167
035206
037931
038121
038178
038208
038723
039135
039186
039214
039424
039560
039565
041021
042093
042101
042331
042397
042711
042972
042986
043347
043392
043568
043994
044048
044125
045221
049627
049651
053517
056717
056756
056882
056932
057350
057528
057824
057885
060264
062403
062447
062565
064355
064363
064407
066267
066333
066485
067460
067545
067663
067707
069557
072853
072876
073629
075101
075870
076043
076172
076926
076933
077019
077028
077037
077352
077549
079561
080928
082910
083317
083324
083326
083568
085842
085969
086098
086245
086789
086798
087362
087516
087524
088563
088588
088729
089097
089964
090229
090233
090601
090641
090711
090715
092125
093029
094599
097312
097488
098034
098631
099171
099438
099602
101672
102568
102587
102859
104882
107861
107936
109163
109195
110681
110862
110962
111019
111275
111531
112063
113067
115078
115238
115321
116345
117448
117473
118209
118349
121262
121413
121420
122049
122934
123046
123226
123540
124271
127113
127202
127226
127459
127481
128570
129361
129539
132107
132115
132700
132798
134964
137320
139946
140769
141439
142802
142944
143143
143516
143781
143840
143934
144971
145251
145298
146410
147145
147383
147484
147570
147741
148063
148088
148157
148261
148264
148564
148792
149415
149808
150011
150198
150204
150286
150310
150679
150688
150728
152651
152737
153350
156051
156192
