004074
005537
005687
005784
005881
005908
005928
005953
006076
006604
006723
007522
009207
009338
009486
009497
009524
011029
011355
011836
012524
012554
013283
013309
013383
013670
014036
014120
014156
014170
014250
014376
014415
014974
015071
015570
015856
016961
017968
017983
018706
021479
028684
028819
031699
034893
034927
035131
035440
035654
035852
036072
037846
038169
038309
038317
038369
038448
038628
039354
039568
043696
043978
044048
044156
044224
044351
045246
045830
045861
047546
049292
049681
049782
053030
053701
053960
054011
054262
054432
054473
054500
054881
054883
056360
059150
059175
059195
059659
059690
059698
060226
060507
060600
061109
066725
067112
067149
069978
073506
077789
084786
085448
085836
089392
089461
089598
089715
089740
090062
090087
090091
090121
090134
091577
091702
092165
094687
094850
094932
095215
096263
100285
103554
105680
106868
107108
107439
108529
108664
122178
122213
122330
122698
123197
123214
123776
124128
124420
124655
125704
126645
126704
126717
126781
126796
126834
126925
133883
134535
134829
135335
136543
136583
137914
138333
140677
142828
142859
142907
143030
143078
143141
143573
143643
143687
143770
143842
143930
145836
145863
146287
146404
146441
146556
147680
147708
147737
147818
148093
148127
148457
148528
148892
149947
151148
152199
152254
152787
153026
153187
153204
153435
154109
154900
155319
156080
156327
156464
156809
160986
165082
165164
165169
165228
165396
165514
166272
166676
167250
167309
167359
167632
167634
167654
167825
168286
168343
170070
170284
170393
171200
171379
171602
171620
171874
171893
172213
172515
172548
172691
173096
173227
173348
173409
173974
174099
174416
174652
174673
176307
176869
177057
177073
177080
177210
177293
179928
179955
180023
180078
180091
180125
180341
180401
180666
180837
181097
181100
183196
183565
183782
184076
186344
187027
187475
187633
188194
188326
188455
188601
191717
191794
192103
192377
192949
