003505
003883
004789
004966
005734
005807
006108
006257
006472
006596
007906
007993
008021
008031
008280
008364
008527
008920
009776
010049
010394
011685
012101
012286
012482
013412
013951
014101
014148
014168
014379
014427
015958
016329
016522
017593
017596
017655
017831
017890
018472
021379
022218
025370
025531
025949
026597
027785
028169
028546
028788
029485
029507
031372
033095
033191
033641
033663
033759
033823
034039
034425
034436
035138
038004
038353
038539
039106
039249
039441
039516
039520
039561
039643
040092
040093
040203
041118
041190
041222
041251
041331
041603
041696
043094
043230
047424
047479
047512
047731
047815
048141
048246
048251
049344
049377
049383
049398
049726
049907
050882
050902
051021
051076
052924
053151
053221
053227
053335
053379
053504
053616
055560
055774
055786
055840
056136
056337
061313
063392
063429
063502
063538
063690
063912
064159
064316
064806
064892
065264
065351
065406
065487
065605
065972
066253
066303
066440
066462
067805
068487
068500
068616
068654
068749
070786
071001
072400
072558
073534
075865
076003
076642
077291
079754
079758
081754
082534
082554
082909
083047
083128
083938
084017
086621
086625
086700
086721
087247
087354
088404
088537
088781
088921
091951
091969
092454
093459
094072
094372
094470
094670
094912
095309
095375
098240
099199
100300
100325
100357
100432
100454
101521
102451
103129
103435
103701
103905
103921
106565
106728
107340
107690
118129
118155
118475
118587
119072
119618
120209
120697
120734
120839
120918
121002
121218
121460
121653
121823
121892
121957
122001
122046
122175
122477
122708
125999
126593
129390
129562
130581
130829
134746
135083
135093
135118
137023
137192
137413
137847
137939
137988
139704
139722
139777
140090
140143
140180
140466
141161
143364
143495
143578
143624
144139
144185
144495
144915
144931
145065
145358
146089
146334
147228
147407
147861
147967
148114
148232
148851
148985
149652
149942
153657
153667
153680
153849
153892
153897
154898
154970
156608
156951
157378
157380
159813
159851
164262
164380
164622
164837
170441
