002168
002223
002269
002292
002723
002915
002918
003098
003114
003287
003545
003911
004120
004376
004540
004624
004980
006599
006821
006888
007074
007403
007495
007511
007565
007639
007919
007943
009743
010058
010085
010116
012148
012729
012773
012877
013173
013177
013573
013933
014357
014367
014440
014491
014565
014629
015270
015327
015427
015687
015744
016742
016784
016858
017151
017444
017543
017727
017801
017832
018220
018467
019155
019427
019498
021722
021771
021776
021989
022048
022646
023248
024368
024983
025133
025489
025596
025618
026092
026391
027237
028305
028366
028378
028407
028660
028835
028853
029523
029753
029910
030343
030353
030795
030850
031122
031314
031464
031565
031619
031708
032434
032481
032708
032762
032899
033715
033717
035971
036018
036028
036742
036813
037041
038169
038238
038792
038928
039073
039080
039115
039217
039311
039394
039434
040481
040619
040672
040695
040982
041322
041500
041541
041744
041804
042267
043699
044408
044544
045362
045371
045727
050112
050130
050270
050622
050625
050876
051109
051136
051225
051251
051545
051934
052104
052526
054300
054448
055137
055164
055407
055455
055627
055675
056222
057159
057207
061439
061563
061564
061792
062264
062273
062296
062325
062480
062767
062948
062982
063003
063196
063241
063400
063861
064346
064633
064702
064798
065647
065739
065746
066183
066184
066318
066454
066745
067225
067489
067597
069460
069643
069687
069721
069778
069819
070109
071231
071401
071444
071551
071596
071711
073017
073331
074729
075058
075139
075140
075398
075417
076101
076282
076629
077039
077368
078408
078999
079001
079027
079029
079032
079245
079291
079434
079452
080087
080399
080637
080650
080716
080752
080863
082009
082018
082205
083956
083965
083983
084371
084806
086293
086303
086941
087118
087130
087415
087841
089351
089376
089378
090763
090824
091415
092501
093345
093966
094085
094812
094892
095019
095020
095860
096310
096641
096750
097804
097819
097928
097929
098227
098476
099682
099908
099953
100088
100137
100682
100697
101205
101332
103674
108492
108529
108623
108673
108801
109008
109117
109192
109264
109284
109484
109598
110926
110930
110931
111136
111381
111432
111564
111601
111991
111999
112722
113268
113291
113521
113638
113881
114975
116027
116262
116294
116373
116394
116401
116425
116619
116677
116692
116704
118245
118438
118738
119228
119588
119996
120082
120091
120244
120991
121115
121378
121496
121539
121791
122152
122155
122560
122611
122904
123799
125018
125108
125127
125151
125382
125447
125453
126208
126397
126411
126538
126665
126717
126849
126965
127745
127799
127859
128031
128136
128434
128555
129159
129343
129406
129459
129664
129941
130124
130222
130398
130578
130773
131026
131566
131965
132297
132433
132868
132961
133063
133095
133190
133225
133227
133348
140556
140716
140883
