003137
003532
003756
004025
004295
005201
005454
005688
005825
005903
008612
008831
012493
012649
012688
012700
012893
013271
013613
013696
013808
013828
013875
014806
015778
017912
017920
018660
018712
018723
018919
020861
020868
021316
022021
022077
026089
027482
027533
028125
029702
029907
030109
030249
030668
031469
031818
031863
031919
031985
032130
032292
032369
032396
032412
033188
033259
034251
036285
036350
037351
037414
037559
038454
038476
038708
039098
039117
039157
039197
039926
039953
039986
040432
040506
040709
044429
047689
057291
064461
064622
064678
064733
064760
071084
071201
071312
074629
074740
077859
078260
086558
086631
086635
087404
087424
089196
091411
091436
091600
091625
093419
097252
097305
097397
097970
097973
098719
098788
098824
099180
099286
099294
099303
099344
099364
099389
100056
100086
100264
105719
108648
108714
108963
110155
110239
110293
110430
110456
110723
111065
111131
111167
111495
112329
112396
112842
112963
113327
115162
116330
116417
122999
127439
129432
129891
129968
130085
133651
135063
140685
140768
140837
141090
142615
142665
144091
144204
144247
144726
145121
149074
149082
149571
149952
150219
151317
151678
152101
157448
157480
158164
159187
160004
160141
161061
161076
161087
161246
161337
163528
165064
166158
166185
166387
166811
168767
169930
169944
173753
176814
176834
176836
177100
177214
177306
178300
178386
178681
180891
181971
182342
183142
183220
183417
183775
185958
186538
186752
186913
190110
190179
