003238
003610
003999
004190
006324
006433
006434
011886
012050
012955
013238
013474
013516
014108
014280
014411
015069
015102
015612
015732
015788
016721
016723
017248
017508
018032
018295
019619
019742
019971
020178
021912
021998
022171
022653
022741
022798
022829
022919
023256
023277
023373
023476
023822
024519
024647
025112
025276
025358
028095
028248
028332
028556
028573
030172
030285
030712
030824
031204
031231
031606
032706
033104
033351
033380
036223
037038
037869
038276
038493
038612
038896
038923
039024
039413
039663
040163
040233
040279
040302
041465
041520
041891
043313
043332
043877
044268
044859
044911
044958
046030
046371
047823
047839
048126
049206
050053
052334
052350
052869
053221
053499
053579
053611
054054
054260
054396
054434
055230
055292
055396
055492
055653
055700
055755
055875
055929
055974
056130
056206
056664
057017
058708
058808
059144
059191
060236
062141
062142
062170
064713
064850
064931
065060
065244
070780
070838
074125
074141
074190
074201
074414
076219
076620
077007
079050
079128
079176
083080
083104
083295
083370
083409
083539
083596
083605
083742
085468
085556
087489
087529
087536
092950
093246
093252
093396
094144
095263
099981
100018
100057
100152
100304
100928
101758
101826
101892
103346
103358
103426
103781
103993
104166
104344
104663
104943
106454
106744
107031
107132
107321
107328
107446
107465
107754
108926
109131
109159
109499
109597
110351
110951
111225
111505
111556
111682
111692
111994
112002
112393
114148
114368
117890
117899
118504
119972
120004
123980
124321
125127
126252
130949
130975
131912
131984
132003
132008
132051
132098
132411
132943
133003
133369
133433
134629
134708
134797
134835
134895
135031
135402
135431
135497
135606
135677
135744
136176
136752
137270
137312
138128
138775
140558
140719
141540
141706
142197
142255
142312
143032
143145
149212
149640
150395
150478
155927
156045
158191
159042
159169
159829
160225
160381
160595
160765
160880
161154
161261
161516
161982
162698
166213
166506
166566
166602
166666
167844
168071
168190
171242
172632
172652
172671
173420
176186
176222
176448
176463
176490
176549
176815
176964
178788
179339
180699
180787
181506
183617
183642
183980
185331
186547
187365
187719
187834
188573
189285
194011
194479
194488
194591
194641
196122
197325
197768
197995
198424
198431
199262
199275
199479
199516
199714
199853
201220
202409
202527
203415
203585
204128
204170
204172
204211
204241
204261
204269
204301
204720
204721
206291
206468
206627
208824
209064
209417
209751
209980
215982
217705
217927
218243
219666
220159
220191
220406
220532
220689
220725
220790
221984
222584
222611
222719
222745
222749
227910
227987
228537
228740
228901
231882
231893
231898
232228
232834
232989
233034
233220
233934
235151
236688
237691
237698
240804
241085
248375
248394
249500
249563
250470
250516
250711
