003684
003828
003959
005949
006051
006951
008103
008431
008603
008623
008639
008847
008895
009398
009455
009500
009507
009708
009915
009917
010509
010576
010907
010966
010997
011089
011663
011762
012243
012244
012288
013728
013782
013911
013983
013988
014952
014990
014997
015020
015155
015189
015444
017267
017453
017643
017704
017882
017943
017950
018035
019324
019839
020185
020224
020312
020475
020575
020587
020641
020946
021076
021128
021208
021458
021530
021540
021570
021780
022445
022552
023057
024479
024517
024574
024968
025234
025280
026094
026379
026668
026709
027105
027157
027211
027233
027455
027920
028028
028037
028043
028724
029606
030995
031142
031248
031442
031549
031624
031634
032304
032308
033215
036364
036701
036916
037416
037661
038641
038658
038691
038769
038835
039003
039110
039190
039570
039888
039950
040307
040360
040482
040574
040654
041307
041330
041490
041594
041699
042416
042495
042792
042861
043172
043189
043294
043550
043585
043776
043866
043997
044033
044121
044299
044452
044570
044645
044755
044975
045096
045163
045277
046796
046857
046892
046911
046920
046938
046989
047065
047404
048956
049472
049503
049897
051492
051710
052045
052123
052273
052325
052494
052950
053053
053587
054033
057280
057524
057623
057659
058407
059713
060155
060210
060749
060948
061038
061130
061230
061652
061727
061909
061953
062209
062222
062347
062434
062493
062848
063259
063408
063448
064112
065328
065340
066597
066666
066776
070838
070850
071051
073930
074009
074724
074975
075673
075830
075875
075907
075934
075995
077372
077457
077568
079145
079332
079410
079751
079974
080261
080437
080471
081277
081442
081507
081832
082213
082267
082609
082653
082702
082730
082883
084355
085356
085789
086812
086864
087136
088278
088495
089001
092647
092744
092864
092880
093076
093245
093248
093251
093275
093317
096534
096673
096685
096698
096782
096924
097135
099491
100525
100906
101009
101099
101148
101224
101256
101262
103780
103792
103827
103836
103889
103959
103974
103994
104001
104125
104460
104769
105038
105199
106771
108675
109432
109473
109702
110043
110157
110244
110361
110714
110994
111191
111308
112125
112499
112539
112691
112862
113215
113287
113604
113662
113707
113816
114050
114054
114257
114379
114419
114550
114626
114953
115598
115723
117123
118415
118774
118852
119098
119099
119114
119804
121292
122071
122135
123608
123617
125496
125503
125531
125598
125612
125692
125813
126808
126847
126873
126904
128676
130112
130347
130537
130566
130621
130700
130839
130913
130916
131156
131245
131326
131761
131833
132019
133866
133932
133947
134042
134194
134811
134888
136204
137471
137587
138145
138235
138331
140017
140049
140063
140142
140393
140403
140500
140502
140810
142503
142792
142916
143038
143848
143988
144893
144927
145577
145629
145682
146731
148093
149593
149775
149978
149990
