002755
006419
006801
006837
007164
007168
008303
009896
010042
010043
010184
010204
010587
010999
011080
011904
011971
012001
012258
012356
012365
018115
018162
018506
018670
018705
018741
018957
019049
019447
020250
020464
024081
024150
024734
025094
025582
026185
026192
026372
026609
026746
026935
027244
027270
027485
027511
027562
027688
027772
027866
027935
027969
028354
028766
028852
028866
029044
029118
029359
029446
029464
029497
029563
029680
029969
030947
032236
032425
032557
032723
032919
032920
033011
036946
037529
037690
037746
040099
040134
040189
045265
046258
046414
046779
046877
047153
047483
048039
048760
048834
048911
050893
050931
051279
051728
056164
056729
056998
057261
058550
059308
059386
059509
059514
061353
061670
061889
061905
062543
064139
064361
064603
064636
064818
064867
064906
066560
066601
066725
070414
072068
076844
076956
077973
078414
079210
079384
080116
080123
080444
080669
081316
081368
081702
082838
088521
088593
088663
088708
088884
089070
089963
090134
091340
093338
094829
094844
095045
095047
095233
096983
097064
097203
097261
097662
097770
097788
097913
097940
098651
098711
100336
106490
106512
109242
109738
110042
111199
111278
111395
111411
111528
111543
111830
112501
115948
115966
118143
122437
122505
122509
123131
123133
127264
128659
128685
128904
129112
130189
130622
130875
130889
130891
131346
131744
131752
131767
132201
133265
133300
134093
134161
