000921.jpg 3
215.4 155.8 220.2 286.3 
150.8 159.3 146.7 244.0 
260.5 157.9 270.2 230.8 
147.3 252.3 150.1 323.1 
271.6 237.7 272.3 303.0 
221.6 63.4 220.9 119.0 
406.3 133.6 401.5 282.8 
343.8 140.5 330.0 217.6 
465.3 140.5 463.3 242.6 
326.5 230.8 326.5 308.5 
463.3 250.2 454.9 316.2 
420.2 49.6 420.9 104.4 
516.0 216.2 517.4 323.8 
474.4 223.8 469.5 288.4 
566.7 216.9 579.9 308.5 
470.2 299.5 470.2 373.1 
580.6 315.5 580.6 373.8 
511.2 132.2 515.3 181.5 
000923.jpg 3
216.1 148.1 226.5 292.6 
150.8 157.2 148.7 238.4 
259.8 156.5 270.2 237.0 
148.7 250.2 150.1 317.6 
271.6 243.3 266.8 316.9 
220.9 64.1 221.6 116.2 
514.6 210.6 516.7 325.2 
475.8 220.4 475.1 298.1 
571.6 214.8 579.9 302.3 
473.7 308.5 470.9 381.4 
579.9 312.7 578.5 386.3 
513.2 131.5 515.3 181.5 
405.6 135.0 400.8 283.5 
344.5 139.1 329.3 224.5 
469.5 140.5 465.3 234.9 
328.6 232.2 324.4 303.0 
464.0 243.3 453.5 313.4 
418.1 53.7 416.0 105.1 
001118.jpg 1
404.9 185.6 405.6 381.4 
339.0 184.9 332.7 281.5 
501.4 186.3 498.0 292.6 
331.3 289.8 282.0 343.9 
496.6 303.0 412.6 360.6 
389.7 64.8 391.0 155.8 
001466.jpg 2
260.5 200.9 271.6 368.2 
186.9 204.4 166.8 334.9 
121.0 434.9 122.4 432.8 
-186.9 -204.4 -166.8 -334.9 
304.3 322.4 308.4 399.5 
273.7 78.7 273.7 160.0 
411.2 169.7 416.7 282.8 
370.2 173.8 368.8 249.5 
458.4 160.6 475.1 242.6 
368.8 256.5 371.6 324.5 
476.4 248.8 483.4 318.3 
398.7 96.8 407.7 149.5 
002131.jpg 1
353.6 137.7 356.3 254.4 
300.8 137.7 320.2 223.1 
413.3 141.9 383.4 216.2 
322.3 229.4 340.4 300.9 
381.3 225.9 364.7 296.7 
348.0 73.2 352.9 131.5 
002140.jpg 1
353.6 142.6 355.6 255.1 
300.1 139.1 320.2 223.1 
416.7 144.0 386.2 216.2 
322.3 231.5 341.8 307.8 
380.6 230.1 363.3 305.8 
351.5 71.1 353.6 132.2 
002246.jpg 1
366.7 180.8 370.9 353.0 
283.4 177.3 319.5 320.3 
460.5 182.2 407.7 297.4 
321.6 330.1 341.1 405.0 
405.6 312.0 389.7 404.4 
356.3 72.5 363.3 167.6 
002291.jpg 1
381.3 199.5 390.4 400.2 
279.3 192.6 318.8 343.3 
498.7 199.5 439.7 343.3 
-279.3 -192.6 -318.8 -343.3 
-498.7 -199.5 -439.7 -343.3 
374.4 71.1 381.3 188.4 
002786.jpg 2
344.5 176.6 343.8 128.0 
323.7 187.0 332.7 225.9 
364.7 191.2 355.6 225.9 
334.1 231.5 336.9 258.5 
355.6 230.1 350.8 256.5 
343.1 211.3 344.5 182.9 
200.8 153.0 198.0 205.8 
210.5 153.0 212.6 197.4 
-200.8 -153.0 -198.0 -205.8 
214.0 203.7 222.3 230.8 
-200.8 -153.0 -198.0 -205.8 
220.9 119.7 222.3 141.2 
004144.jpg 1
305.6 112.0 293.2 215.5 
269.5 115.5 266.1 158.6 
358.4 125.9 356.3 184.9 
265.4 165.5 240.4 205.1 
359.8 204.4 370.9 178.0 
308.4 52.3 310.5 98.2 
005711.jpg 1
463.3 165.5 450.1 321.0 
394.5 179.4 382.0 259.9 
551.4 180.1 527.8 300.2 
378.6 274.5 342.4 307.1 
528.5 312.0 454.9 341.9 
427.2 70.4 444.5 153.7 
005971.jpg 1
287.6 279.4 289.7 396.0 
125.1 287.7 98.7 400.2 
411.2 277.3 434.1 400.2 
-125.1 -287.7 -98.7 -400.2 
-411.2 -277.3 -434.1 -400.2 
325.1 88.4 304.3 249.5 
006103.jpg 1
526.4 178.7 512.6 398.1 
421.6 200.9 407.7 378.7 
580.6 210.6 637.5 365.5 
390.4 373.1 339.7 282.8 
646.6 362.0 664.6 280.8 
529.9 28.7 509.1 132.2 
006168.jpg 2
432.0 200.9 424.4 366.9 
335.5 198.1 305.0 332.8 
506.3 207.2 523.0 321.7 
313.3 339.1 373.0 294.0 
534.1 340.5 516.0 335.6 
439.7 76.6 433.4 158.6 
586.2 132.9 589.6 280.8 
533.4 161.3 531.3 253.0 
638.2 142.6 668.1 250.2 
-533.4 -161.3 -531.3 -253.0 
677.1 255.8 699.3 246.7 
600.0 60.0 586.8 115.5 
006192.jpg 2
390.4 192.6 391.0 342.6 
327.2 196.1 314.0 300.9 
466.0 200.2 475.1 298.1 
315.4 325.9 333.4 268.3 
479.2 328.0 426.5 294.6 
399.4 80.1 399.4 156.5 
455.6 134.3 456.3 219.7 
-455.6 -134.3 -456.3 -219.7 
489.6 150.2 503.5 226.6 
-455.6 -134.3 -456.3 -219.7 
502.8 230.8 531.3 239.8 
461.9 68.3 454.9 121.1 
006284.jpg 3
299.4 173.8 298.0 290.5 
270.9 178.0 248.0 250.9 
349.4 187.7 306.3 262.7 
-270.9 -178.0 -248.0 -250.9 
308.4 272.4 335.5 318.3 
325.1 81.5 309.8 143.3 
445.2 153.0 441.7 244.7 
409.1 153.7 398.0 221.1 
494.5 152.3 503.5 218.3 
391.0 222.4 404.9 191.9 
509.8 230.1 481.3 224.5 
451.5 77.3 450.8 124.5 
243.2 153.7 235.5 242.6 
-227.9 -184.3 -194.6 -148.8 
252.2 166.9 245.2 228.7 
227.9 184.3 194.6 148.8 
242.5 228.0 211.2 215.5 
237.6 93.3 235.5 130.8 
006308.jpg 2
466.0 146.8 458.4 253.0 
416.7 144.0 405.6 222.4 
508.4 151.6 516.7 222.4 
407.7 232.9 425.1 198.8 
513.9 230.1 498.0 196.1 
472.3 82.9 466.7 127.3 
245.9 162.7 248.0 249.5 
204.3 178.0 193.9 232.2 
288.3 175.2 290.4 228.0 
-204.3 -178.0 -193.9 -232.2 
292.5 234.9 286.9 241.2 
254.3 100.9 250.1 140.5 
006346.jpg 1
300.1 160.0 308.4 321.0 
241.1 151.6 155.0 206.5 
362.6 169.7 361.2 276.6 
144.6 210.6 191.1 246.7 
364.0 284.2 382.7 275.2 
317.5 76.6 305.6 144.0 
006573.jpg 2
497.3 156.5 493.8 241.9 
449.4 166.9 443.1 236.3 
539.6 160.6 564.6 239.8 
449.4 237.7 462.6 234.2 
-539.6 -160.6 -564.6 -239.8 
500.1 77.3 498.7 137.0 
233.4 178.7 238.3 295.3 
172.3 197.4 148.7 284.2 
-233.4 -178.7 -238.3 -295.3 
137.6 304.4 197.3 321.7 
-233.4 -178.7 -238.3 -295.3 
218.2 100.9 226.5 164.1 
006629.jpg 2
349.4 178.0 352.9 309.2 
-349.4 -178.0 -352.9 -309.2 
354.9 191.2 432.0 231.5 
-349.4 -178.0 -352.9 -309.2 
441.0 244.0 457.0 335.6 
335.5 73.2 334.8 144.7 
464.6 150.2 464.6 241.2 
-464.6 -150.2 -464.6 -241.2 
498.0 150.2 508.4 214.1 
-464.6 -150.2 -464.6 -241.2 
507.7 219.0 481.3 214.1 
449.4 82.9 450.8 125.2 
006694.jpg 3
312.6 157.9 317.5 295.3 
259.1 171.8 255.0 260.6 
377.2 166.2 384.8 249.5 
254.3 264.8 216.1 284.9 
389.7 256.5 377.9 276.6 
295.9 91.9 307.7 145.4 
507.0 144.7 503.5 244.0 
475.1 130.1 455.6 198.8 
557.0 134.3 574.3 202.3 
444.5 196.8 457.7 162.0 
575.0 211.3 532.0 205.1 
498.0 69.0 499.4 114.8 
652.1 155.1 650.7 260.6 
-652.1 -155.1 -650.7 -260.6 
639.6 159.3 666.7 232.2 
-652.1 -155.1 -650.7 -260.6 
668.1 237.7 684.0 282.8 
636.1 77.3 634.1 130.8 
006756.jpg 2
302.2 162.0 309.1 301.6 
243.9 183.6 242.5 264.1 
362.6 169.7 373.0 250.9 
236.9 274.5 261.2 291.2 
379.9 261.3 350.1 271.7 
303.6 73.9 307.7 140.5 
452.1 169.7 436.9 280.8 
406.3 176.6 377.2 264.8 
509.1 175.2 541.0 233.5 
375.8 273.8 396.6 278.0 
544.5 242.6 523.0 304.4 
441.0 84.3 445.2 146.1 
007152.jpg 2
475.1 255.1 482.0 331.4 
434.8 254.4 407.0 296.0 
541.0 257.2 568.8 331.4 
405.6 303.7 379.9 314.1 
-541.0 -257.2 -568.8 -331.4 
445.9 175.9 454.9 240.5 
311.2 164.1 300.8 289.8 
261.2 167.6 211.2 219.7 
373.7 177.3 377.9 259.2 
-261.2 -167.6 -211.2 -219.7 
379.9 269.0 350.8 298.8 
311.2 81.5 305.0 142.6 
007165.jpg 2
334.8 171.1 317.5 289.8 
288.3 154.4 220.2 176.6 
395.2 177.3 384.1 266.9 
200.8 178.0 213.3 187.7 
384.8 275.2 342.4 314.8 
334.8 85.7 332.0 144.7 
477.1 256.5 479.9 334.9 
440.3 250.2 409.1 293.3 
540.3 255.8 580.6 339.1 
402.9 300.2 379.2 316.9 
-540.3 -255.8 -580.6 -339.1 
444.5 171.8 453.5 244.0 
007171.jpg 3
340.4 159.3 316.1 291.2 
286.9 158.6 217.5 174.5 
400.8 180.1 390.4 264.8 
-286.9 -158.6 -217.5 -174.5 
389.0 277.3 337.6 321.0 
337.6 85.7 335.5 146.1 
473.7 248.1 476.4 340.5 
436.2 248.8 385.5 315.5 
537.5 249.5 579.2 341.2 
379.2 331.4 364.7 325.2 
-537.5 -249.5 -579.2 -341.2 
448.7 173.8 450.8 234.2 
-416.0 -146.1 -419.5 -205.1 
416.0 146.1 419.5 205.1 
491.0 133.6 518.8 194.7 
418.1 213.4 404.2 244.7 
-491.0 -133.6 -518.8 -194.7 
432.0 72.5 438.3 113.4 
007209.jpg 2
334.8 164.1 316.8 281.5 
459.8 130.8 435.5 188.4 
393.8 174.5 386.2 266.9 
424.4 194.7 411.9 139.8 
382.7 277.3 343.1 316.2 
434.1 71.8 443.1 116.9 
475.8 258.5 483.4 339.8 
435.5 255.1 384.1 330.8 
536.9 254.4 582.0 351.6 
374.4 341.9 364.7 328.0 
-536.9 -254.4 -582.0 -351.6 
434.8 175.9 449.4 242.6 
007903.jpg 3
337.6 141.9 339.7 232.9 
302.2 148.1 295.2 206.5 
368.8 141.2 381.3 189.1 
292.5 209.9 283.4 245.4 
382.0 194.7 366.7 191.2 
338.3 89.1 338.3 120.4 
267.5 155.8 272.3 212.0 
236.9 165.5 233.4 201.6 
-267.5 -155.8 -272.3 -212.0 
233.4 207.9 250.1 231.5 
-267.5 -155.8 -272.3 -212.0 
266.1 116.9 270.2 145.4 
227.9 150.2 229.3 193.3 
204.3 153.0 198.7 191.2 
-227.9 -150.2 -229.3 -193.3 
198.0 196.8 189.7 223.8 
-227.9 -150.2 -229.3 -193.3 
224.4 108.6 230.7 132.2 
007922.jpg 2
357.7 152.3 356.3 247.4 
316.1 148.8 308.4 211.3 
394.5 147.5 408.4 204.4 
305.6 216.9 286.2 250.9 
414.0 214.8 393.1 209.9 
362.6 84.3 359.1 124.5 
270.2 157.2 275.1 218.3 
234.8 157.2 220.2 196.8 
-270.2 -157.2 -275.1 -218.3 
218.2 203.0 204.3 193.3 
-270.2 -157.2 -275.1 -218.3 
269.5 112.0 273.7 137.7 
007931.jpg 2
374.4 139.8 381.3 236.3 
326.5 144.0 319.5 214.8 
411.2 143.3 423.0 207.9 
313.3 234.2 332.7 235.6 
426.5 216.9 418.1 214.8 
377.9 74.6 377.9 112.7 
280.0 153.0 283.4 217.6 
243.9 161.3 247.3 198.1 
-280.0 -153.0 -283.4 -217.6 
244.6 209.9 230.0 245.4 
-280.0 -153.0 -283.4 -217.6 
277.2 101.6 280.7 139.1 
008275.jpg 2
485.5 210.6 489.6 400.9 
390.4 234.2 391.0 380.0 
559.8 216.2 559.8 357.8 
-390.4 -234.2 -391.0 -380.0 
-559.8 -216.2 -559.8 -357.8 
481.3 63.4 500.8 160.6 
221.6 228.7 240.4 387.7 
132.1 249.5 91.8 380.7 
287.6 238.4 330.6 345.3 
-132.1 -249.5 -91.8 -380.7 
-287.6 -238.4 -330.6 -345.3 
264.0 91.2 260.5 187.0 
008679.jpg 3
454.9 155.1 454.2 275.9 
420.9 161.3 398.7 203.7 
506.3 164.1 566.7 236.3 
391.0 215.5 414.7 269.7 
568.1 245.4 525.7 291.9 
442.4 80.1 441.0 130.8 
313.3 112.7 313.3 178.0 
291.1 113.4 280.7 156.5 
343.1 119.0 357.7 163.4 
-291.1 -113.4 -280.7 -156.5 
359.1 171.1 377.9 191.9 
323.7 63.4 318.8 97.5 
203.6 187.0 210.5 297.4 
161.9 192.6 123.7 286.3 
-203.6 -187.0 -210.5 -297.4 
117.5 299.5 124.4 357.8 
-203.6 -187.0 -210.5 -297.4 
220.9 89.8 232.7 142.6 
008876.jpg 3
211.9 209.2 230.0 359.2 
159.1 219.7 100.8 333.5 
-211.9 -209.2 -230.0 -359.2 
95.3 350.2 108.5 402.3 
-211.9 -209.2 -230.0 -359.2 
223.7 85.7 248.7 160.6 
371.6 159.3 366.1 219.0 
384.1 164.1 361.2 196.1 
-341.8 -198.1 -350.8 -228.7 
364.0 204.4 371.6 224.5 
341.8 198.1 350.8 228.7 
378.6 102.3 390.4 131.5 
499.4 98.9 498.7 213.4 
502.8 110.0 507.7 176.6 
502.8 184.3 473.7 236.3 
-502.8 -110.0 -507.7 -176.6 
-502.8 -184.3 -473.7 -236.3 
463.3 44.7 470.2 86.4 
009618.jpg 0
009639.jpg 0
009655.jpg 2
247.3 173.1 251.5 390.5 
140.4 178.0 106.4 329.4 
336.9 154.4 348.7 288.4 
105.7 343.9 130.7 407.1 
346.6 304.4 316.8 396.0 
302.2 48.2 292.5 151.6 
492.4 243.3 493.8 403.7 
-492.4 -243.3 -493.8 -403.7 
519.5 263.4 631.3 359.2 
-492.4 -243.3 -493.8 -403.7 
633.4 367.6 589.6 410.6 
448.0 123.8 433.4 204.4 
010212.jpg 2
266.8 166.2 274.4 330.8 
180.0 181.5 213.3 289.8 
328.6 162.0 383.4 185.6 
232.7 303.0 314.0 309.9 
404.9 187.7 477.1 184.3 
277.2 64.1 293.8 137.0 
508.4 162.7 529.9 306.5 
-508.4 -162.7 -529.9 -306.5 
534.1 173.8 505.6 293.3 
-508.4 -162.7 -529.9 -306.5 
499.4 304.4 391.7 311.3 
458.4 60.0 452.8 130.1 
010252.jpg 2
268.2 173.1 276.5 324.5 
186.2 185.6 211.9 286.3 
325.8 162.7 377.2 184.3 
223.0 300.9 302.9 309.2 
398.0 187.0 480.6 180.1 
287.6 75.2 294.5 144.0 
510.5 163.4 524.4 309.2 
-473.0 -280.1 -423.7 -344.6 
541.0 173.1 506.3 298.1 
473.0 280.1 423.7 344.6 
496.6 309.9 398.0 312.7 
471.6 64.1 471.6 131.5 
010309.jpg 2
252.2 198.1 255.7 313.4 
153.6 185.6 68.2 271.7 
329.3 165.5 373.7 255.8 
70.3 281.5 98.7 372.4 
382.0 266.2 392.4 357.1 
277.2 105.8 284.8 180.8 
504.2 162.7 525.1 316.2 
-479.2 -284.9 -418.1 -348.1 
545.2 182.9 509.8 305.8 
479.2 284.9 418.1 348.1 
501.4 315.5 406.3 312.7 
466.0 57.9 464.0 140.5 
010381.jpg 2
270.9 176.6 281.3 315.5 
183.5 189.8 217.5 298.8 
333.4 167.6 389.7 182.2 
228.6 316.2 315.4 305.8 
407.7 188.4 477.8 208.6 
295.2 71.1 307.7 150.2 
509.8 167.6 536.2 316.2 
-468.1 -288.4 -420.2 -347.4 
549.4 191.2 504.2 314.8 
468.1 288.4 420.2 347.4 
498.0 316.2 398.0 315.5 
468.8 61.4 468.8 137.0 
011359.jpg 1
416.7 182.2 416.0 298.8 
343.1 200.9 333.4 283.5 
487.6 200.9 514.6 303.0 
-343.1 -200.9 -333.4 -283.5 
-487.6 -200.9 -514.6 -303.0 
405.6 84.3 402.9 156.5 
011465.jpg 1
401.5 198.8 400.1 318.9 
314.0 197.4 292.5 298.1 
477.1 221.7 496.6 333.5 
-314.0 -197.4 -292.5 -298.1 
-477.1 -221.7 -496.6 -333.5 
416.0 80.8 400.1 169.0 
013225.jpg 3
127.9 175.9 186.9 364.8 
46.7 176.6 55.0 325.2 
-127.9 -175.9 -186.9 -364.8 
60.6 343.3 79.3 400.9 
-127.9 -175.9 -186.9 -364.8 
136.2 46.8 147.3 125.9 
295.2 134.3 292.5 170.4 
275.8 137.7 273.0 161.3 
308.4 135.7 315.4 159.3 
271.6 166.9 285.5 165.5 
317.5 164.1 302.9 164.1 
295.9 108.6 294.5 127.3 
234.8 132.2 235.5 169.0 
221.6 139.8 216.8 169.7 
256.4 135.7 256.4 160.0 
214.0 170.4 213.3 157.2 
-256.4 -135.7 -256.4 -160.0 
240.4 109.3 237.6 128.0 
013385.jpg 2
413.3 214.8 428.5 382.1 
323.7 238.4 311.9 354.4 
482.0 221.1 502.8 326.6 
307.0 389.1 338.3 369.6 
516.7 351.6 492.4 377.3 
400.1 75.9 410.5 150.2 
146.7 232.9 159.8 396.0 
41.1 248.8 8.5 398.1 
223.0 223.8 238.3 353.0 
11.3 403.7 30.7 341.9 
-223.0 -223.8 -238.3 -353.0 
167.5 86.4 166.8 169.0 
013438.jpg 1
261.2 201.6 270.9 393.9 
157.1 237.7 141.8 378.0 
369.5 212.0 382.7 362.0 
-157.1 -237.7 -141.8 -378.0 
391.7 379.4 338.3 402.3 
269.5 50.3 269.5 161.3 
014341.jpg 3
431.3 196.1 425.1 367.6 
-376.5 -314.1 -307.0 -290.5 
511.9 209.2 507.0 343.9 
376.5 314.1 307.0 290.5 
497.3 353.7 403.5 346.7 
420.9 50.3 407.0 146.8 
184.1 162.7 193.2 323.8 
134.8 171.8 135.5 274.5 
245.9 159.3 284.1 253.7 
125.8 282.2 137.6 282.8 
286.2 265.5 232.7 285.6 
189.0 70.4 203.6 125.9 
658.4 163.4 658.4 240.5 
634.8 166.9 625.7 218.3 
695.9 166.2 703.5 221.1 
627.1 221.7 617.4 204.4 
703.5 230.8 710.4 264.1 
653.5 112.7 651.4 137.0 
014344.jpg 3
443.1 185.6 432.7 340.5 
400.1 191.9 394.5 301.6 
534.1 199.5 538.9 309.9 
390.4 303.7 334.1 277.3 
545.9 325.2 484.1 348.1 
409.1 63.4 411.9 146.8 
222.3 148.8 228.6 294.0 
164.7 171.8 167.5 264.1 
280.7 158.6 313.3 250.2 
159.1 267.6 172.3 275.9 
314.7 254.4 255.0 274.5 
227.2 62.7 236.2 116.2 
666.0 157.9 664.6 240.5 
647.3 160.0 638.2 213.4 
707.7 164.8 710.4 219.7 
638.2 218.3 628.5 202.3 
712.5 223.1 716.0 256.5 
661.1 103.0 661.1 136.3 
014366.jpg 3
473.7 179.4 471.6 302.3 
421.6 189.1 405.6 273.1 
547.3 189.8 548.0 286.3 
395.2 276.6 406.3 187.7 
551.4 305.1 493.8 310.6 
432.0 90.5 453.5 158.6 
311.2 160.0 304.3 293.3 
253.6 180.1 248.0 249.5 
370.9 171.1 384.8 256.5 
239.7 263.4 265.4 273.8 
393.8 266.9 341.1 276.6 
305.6 75.2 314.0 136.3 
655.6 158.6 647.3 223.1 
633.4 162.7 628.5 202.3 
687.5 163.4 691.0 212.0 
632.7 209.2 618.8 195.4 
691.0 217.6 693.1 247.4 
645.2 114.8 643.1 144.7 
014384.jpg 3
447.3 175.2 454.9 328.7 
387.6 189.1 380.6 289.1 
509.1 181.5 519.5 270.3 
389.7 300.2 420.2 224.5 
523.0 273.8 525.1 303.7 
439.7 75.9 436.2 154.4 
289.7 155.8 287.6 287.0 
241.1 164.8 236.9 248.1 
349.4 158.6 362.6 238.4 
230.7 250.2 236.9 259.2 
367.4 250.9 302.9 270.3 
277.2 65.5 283.4 122.5 
55.7 108.6 58.5 188.4 
4.3 112.0 23.1 138.4 
78.6 96.8 122.4 127.3 
39.7 137.0 43.2 76.6 
136.2 135.0 127.2 141.2 
54.3 55.1 58.5 91.9 
014608.jpg 2
243.9 188.4 259.1 327.3 
175.8 209.9 164.7 305.1 
306.3 184.9 315.4 271.7 
160.5 322.4 235.5 344.6 
321.6 280.1 326.5 321.0 
270.2 83.6 264.7 160.0 
429.9 209.9 444.5 368.9 
355.6 231.5 357.0 300.2 
499.4 218.3 515.3 324.5 
354.9 307.1 363.3 352.3 
511.2 336.3 475.8 378.7 
420.2 121.8 422.3 186.3 
014695.jpg 3
268.2 173.1 268.2 314.8 
195.3 196.8 177.2 280.8 
339.0 181.5 339.0 263.4 
168.2 294.6 232.7 322.4 
349.4 280.1 328.6 308.5 
293.8 71.1 293.8 136.3 
473.0 187.7 464.6 343.3 
389.0 202.3 377.9 281.5 
543.1 198.1 542.4 307.8 
375.1 300.9 398.7 346.0 
545.2 319.6 500.1 357.8 
456.3 94.7 468.1 162.0 
156.4 182.9 162.6 248.8 
121.7 187.0 115.4 243.3 
-156.4 -182.9 -162.6 -248.8 
114.0 249.5 110.5 291.2 
-156.4 -182.9 -162.6 -248.8 
160.5 129.4 162.6 156.5 
014708.jpg 2
261.9 174.5 261.9 311.3 
183.5 189.1 168.9 283.5 
330.6 182.9 332.7 270.3 
157.1 300.2 223.7 329.4 
334.8 272.4 332.0 297.4 
275.8 72.5 278.6 134.3 
470.9 183.6 478.5 352.3 
391.7 196.1 374.4 283.5 
548.0 182.2 563.9 290.5 
366.7 298.1 405.6 342.6 
572.3 311.3 527.8 356.4 
464.0 92.6 471.6 162.7 
014750.jpg 3
232.7 212.0 246.6 377.3 
162.6 223.8 131.4 322.4 
296.6 214.8 300.1 308.5 
129.3 343.9 199.4 370.3 
301.5 322.4 316.1 334.2 
257.0 101.6 266.8 170.4 
493.8 234.2 493.1 394.6 
429.2 247.4 418.1 335.6 
579.2 243.3 588.2 368.9 
414.0 350.9 425.8 399.5 
589.6 383.5 549.4 403.0 
464.6 125.2 468.1 190.5 
314.0 113.4 314.7 274.5 
-314.0 -113.4 -314.7 -274.5 
384.8 119.7 400.1 198.8 
-314.0 -113.4 -314.7 -274.5 
401.5 213.4 384.8 267.6 
327.2 41.2 318.1 106.5 
014773.jpg 2
181.4 203.7 201.5 373.1 
108.5 223.1 81.4 330.8 
261.9 199.5 273.7 321.7 
65.4 343.3 109.2 382.1 
272.3 332.1 268.2 401.6 
218.9 82.9 219.6 167.6 
425.8 224.5 428.5 406.4 
353.6 244.0 343.1 355.1 
512.6 239.1 523.0 356.4 
343.1 364.8 349.4 400.2 
525.1 384.2 473.7 404.4 
405.6 114.8 416.7 194.0 
014789.jpg 2
244.6 199.5 241.1 370.3 
162.6 219.0 160.5 315.5 
330.0 206.5 330.0 312.7 
154.3 323.8 160.5 353.7 
329.3 325.2 314.7 368.2 
239.0 73.2 235.5 158.6 
491.7 248.1 476.4 391.9 
417.4 248.8 408.4 348.1 
574.3 259.2 577.8 375.9 
411.9 359.2 413.3 397.4 
-574.3 -259.2 -577.8 -375.9 
461.2 148.1 477.8 218.3 
014861.jpg 4
194.6 197.4 203.6 371.0 
146.7 204.4 158.5 298.1 
260.5 189.1 293.8 316.9 
-146.7 -204.4 -158.5 -298.1 
300.1 323.8 198.7 354.4 
184.1 71.8 173.7 147.5 
402.9 239.1 395.2 393.2 
-402.9 -239.1 -395.2 -393.2 
474.4 256.5 437.6 383.5 
-402.9 -239.1 -395.2 -393.2 
423.0 388.4 372.3 297.4 
377.9 112.7 379.9 196.1 
627.1 189.1 624.3 269.0 
-627.1 -189.1 -624.3 -269.0 
668.8 183.6 671.6 240.5 
-627.1 -189.1 -624.3 -269.0 
672.9 247.4 679.2 295.3 
621.6 125.9 618.8 160.0 
475.8 139.8 497.3 266.9 
-475.8 -139.8 -497.3 -266.9 
549.4 141.2 570.9 234.9 
-475.8 -139.8 -497.3 -266.9 
571.6 240.5 555.6 303.7 
445.2 66.2 468.1 128.7 
014954.jpg 2
455.6 265.5 457.0 399.5 
399.4 271.0 384.1 391.2 
546.6 278.7 574.3 389.1 
-399.4 -271.0 -384.1 -391.2 
-546.6 -278.7 -574.3 -389.1 
439.0 101.6 426.5 209.9 
579.9 212.0 583.4 328.0 
-579.9 -212.0 -583.4 -328.0 
629.2 219.0 638.9 294.6 
-579.9 -212.0 -583.4 -328.0 
638.2 307.1 634.1 380.7 
568.1 131.5 560.5 178.0 
016134.jpg 2
230.7 150.2 237.6 247.4 
190.4 157.2 169.6 224.5 
267.5 148.8 273.7 214.8 
170.3 234.9 212.6 251.6 
277.9 224.5 262.6 254.4 
237.6 82.2 237.6 130.1 
439.7 184.3 432.7 287.7 
382.0 178.7 357.7 270.3 
478.5 196.8 464.6 280.8 
355.6 280.8 347.3 346.7 
466.7 288.4 460.5 347.4 
455.6 95.4 459.8 153.0 
016170.jpg 3
264.7 169.0 271.6 272.4 
216.1 175.2 198.0 239.1 
304.3 170.4 304.3 228.0 
192.5 255.8 231.4 280.8 
305.0 244.7 302.2 273.1 
280.7 93.3 273.7 146.8 
423.7 201.6 412.6 320.3 
359.1 200.2 345.9 289.1 
477.8 211.3 480.6 309.2 
339.7 304.4 330.0 384.9 
482.0 316.2 478.5 373.1 
404.2 108.6 393.8 162.7 
504.2 133.6 515.3 293.3 
-504.2 -133.6 -515.3 -293.3 
540.3 146.1 556.3 238.4 
-504.2 -133.6 -515.3 -293.3 
554.9 248.8 568.8 305.1 
498.0 49.6 490.3 109.3 
016210.jpg 3
255.0 172.5 247.3 282.2 
193.9 186.3 180.7 251.6 
304.3 180.1 307.7 253.7 
171.0 267.6 205.7 298.8 
302.9 264.1 295.9 292.6 
253.6 78.7 247.3 144.0 
415.4 201.6 411.9 316.2 
357.0 204.4 348.0 291.9 
474.4 205.1 476.4 311.3 
350.1 299.5 336.9 378.0 
477.1 319.6 473.7 378.7 
400.8 110.7 395.2 171.8 
519.5 144.0 532.7 315.5 
-519.5 -144.0 -532.7 -315.5 
573.7 144.0 582.0 263.4 
-519.5 -144.0 -532.7 -315.5 
579.9 273.8 586.8 340.5 
525.7 50.3 525.7 119.7 
016364.jpg 2
217.5 199.5 229.3 388.4 
110.5 219.7 86.9 368.9 
288.3 194.7 301.5 327.3 
91.8 373.8 122.4 305.8 
301.5 336.3 325.1 402.3 
255.0 69.0 252.9 153.0 
509.1 239.8 497.3 401.6 
432.0 250.9 423.7 382.8 
599.3 253.7 611.8 395.3 
-432.0 -250.9 -423.7 -382.8 
-599.3 -253.7 -611.8 -395.3 
488.9 107.9 484.8 189.8 
016433.jpg 4
370.9 234.2 372.3 383.5 
287.6 248.8 261.2 363.4 
454.9 232.2 459.8 359.2 
-287.6 -248.8 -261.2 -363.4 
457.7 364.8 447.3 404.4 
377.2 99.5 373.0 195.4 
155.0 200.2 157.1 257.2 
118.2 202.3 111.9 241.2 
180.7 194.0 181.4 241.2 
109.9 248.1 125.1 248.8 
184.1 246.0 191.8 275.9 
163.3 149.5 159.8 182.2 
468.8 166.2 474.4 293.3 
-468.8 -166.2 -474.4 -293.3 
536.2 180.8 568.1 273.1 
-468.8 -166.2 -474.4 -293.3 
562.5 280.1 538.2 343.3 
434.8 84.3 434.1 140.5 
248.0 214.8 243.9 273.8 
229.3 212.0 225.8 265.5 
-248.0 -214.8 -243.9 -273.8 
225.1 270.3 216.8 307.8 
-248.0 -214.8 -243.9 -273.8 
234.1 167.6 231.4 193.3 
016600.jpg 3
252.9 169.0 255.0 238.4 
223.0 175.2 219.6 232.9 
294.5 175.9 295.2 234.9 
219.6 238.4 213.3 287.7 
297.3 242.6 299.4 286.3 
246.6 113.4 245.9 146.1 
396.6 125.2 393.1 237.0 
360.5 136.3 349.4 207.2 
-349.4 -218.3 -345.2 -259.2 
-360.5 -136.3 -349.4 -207.2 
349.4 218.3 345.2 259.2 
393.8 57.2 391.0 100.9 
468.8 283.5 487.6 400.9 
361.2 302.3 334.8 392.5 
555.6 281.5 563.2 391.2 
-361.2 -302.3 -334.8 -392.5 
-555.6 -281.5 -563.2 -391.2 
483.4 121.1 474.4 237.0 
016606.jpg 2
243.2 168.3 245.2 239.8 
205.7 173.8 202.9 233.5 
278.6 171.1 286.9 232.2 
201.5 242.6 199.4 278.7 
286.9 237.7 284.8 279.4 
249.4 105.1 252.9 139.1 
382.0 123.2 376.5 234.2 
342.4 132.9 336.9 198.1 
432.0 128.0 445.9 191.9 
334.8 209.9 327.9 270.3 
445.2 199.5 430.6 234.9 
380.6 59.3 377.9 95.4 
016658.jpg 2
228.6 200.2 243.9 299.5 
173.7 219.7 174.4 298.8 
275.8 200.9 277.9 267.6 
171.6 307.8 175.8 362.7 
278.6 275.9 292.5 332.8 
223.7 128.0 228.6 177.3 
422.3 149.5 415.4 314.1 
361.9 162.7 352.2 254.4 
489.6 166.2 496.6 253.7 
348.7 266.9 343.1 337.7 
504.2 257.9 493.1 298.1 
430.6 69.7 430.6 129.4 
016962.jpg 2
220.2 146.1 218.2 214.8 
184.8 143.3 177.9 182.2 
246.6 146.8 270.9 205.8 
177.2 188.4 175.8 207.9 
274.4 216.2 249.4 216.9 
216.8 87.1 218.9 128.7 
370.9 160.6 375.8 248.1 
336.2 170.4 313.3 227.3 
407.7 178.7 421.6 234.2 
-336.2 -170.4 -313.3 -227.3 
311.2 230.1 285.5 218.3 
368.1 105.1 366.7 143.3 
017026.jpg 2
319.5 223.8 324.4 342.6 
266.1 234.9 262.6 316.2 
-264.7 -325.2 -258.4 -382.1 
-266.1 -234.9 -262.6 -316.2 
264.7 325.2 258.4 382.1 
320.9 112.7 322.3 182.9 
411.9 225.2 432.7 387.0 
359.1 248.8 325.8 337.0 
471.6 209.9 563.2 307.1 
320.9 342.6 268.2 402.3 
570.9 320.3 510.5 397.4 
359.1 121.1 355.6 200.2 
017664.jpg 1
239.0 212.7 249.4 380.0 
151.5 231.5 139.0 375.9 
298.0 198.1 303.6 325.2 
-151.5 -231.5 -139.0 -375.9 
304.3 333.5 339.0 399.5 
252.2 68.3 253.6 171.1 
017713.jpg 1
226.5 223.1 220.9 372.4 
155.7 230.8 130.0 353.7 
268.2 214.8 280.7 306.5 
-155.7 -230.8 -130.0 -353.7 
280.0 311.3 298.7 362.7 
242.5 99.5 244.6 172.5 
017717.jpg 1
216.1 230.1 204.3 384.2 
143.9 243.3 98.1 346.0 
246.6 236.3 283.4 287.7 
91.1 353.0 79.3 400.9 
287.6 292.6 368.1 315.5 
241.8 111.4 244.6 188.4 
018755.jpg 1
313.3 170.4 318.1 296.0 
257.0 180.8 248.7 264.8 
360.5 157.2 366.7 233.5 
248.7 272.4 239.7 334.2 
-360.5 -157.2 -366.7 -233.5 
317.5 87.1 324.4 135.7 
018786.jpg 1
355.6 178.7 368.8 317.6 
289.7 194.7 281.3 264.8 
403.5 168.3 409.1 245.4 
281.3 273.8 261.2 337.0 
410.5 254.4 429.2 312.0 
359.8 96.8 372.3 152.3 
018855.jpg 1
430.6 189.1 448.7 363.4 
351.5 195.4 349.4 301.6 
498.0 172.5 509.8 282.8 
348.0 314.1 346.6 403.0 
513.2 297.4 544.5 371.0 
464.6 71.8 470.9 146.1 
019674.jpg 2
270.2 173.1 266.8 276.6 
213.3 184.3 191.1 241.2 
325.8 169.7 339.0 232.2 
192.5 259.9 220.2 228.0 
343.8 246.7 309.8 229.4 
276.5 94.7 280.0 152.3 
466.7 136.3 468.8 239.8 
402.2 147.5 400.8 246.0 
536.2 135.0 542.4 224.5 
393.8 260.6 449.4 249.5 
-536.2 -135.0 -542.4 -224.5 
428.5 60.0 437.6 123.8 
019753.jpg 2
262.6 168.3 264.0 241.9 
216.1 175.2 193.2 257.9 
325.1 166.2 334.1 244.7 
189.7 265.5 219.6 229.4 
339.7 264.1 306.3 229.4 
266.1 73.2 261.2 133.6 
471.6 141.2 468.8 248.8 
395.9 148.1 388.3 239.1 
541.7 137.7 540.3 230.1 
384.8 253.0 448.0 241.9 
-541.7 -137.7 -540.3 -230.1 
479.2 55.1 477.8 135.0 
019874.jpg 2
264.0 170.4 266.8 255.8 
214.7 180.8 197.3 251.6 
329.3 171.8 326.5 236.3 
195.3 264.8 223.0 228.7 
338.3 264.8 302.2 228.0 
263.3 87.7 269.5 152.3 
469.5 144.7 470.2 253.0 
394.5 153.0 387.6 250.2 
536.9 138.4 541.0 227.3 
386.9 269.7 448.0 250.9 
-536.9 -138.4 -541.0 -227.3 
486.9 65.5 480.6 128.7 
019976.jpg 2
263.3 166.2 264.0 264.8 
206.4 171.8 197.3 251.6 
328.6 166.2 336.9 239.8 
190.4 269.0 216.1 233.5 
341.8 250.9 290.4 234.2 
290.4 76.6 293.2 150.9 
464.6 136.3 464.6 246.0 
387.6 149.5 388.3 241.2 
534.1 139.1 538.9 225.9 
382.7 259.9 448.0 253.0 
-534.1 -139.1 -538.9 -225.9 
468.1 55.8 473.0 119.0 
020083.jpg 2
303.6 273.8 298.7 306.5 
285.5 266.9 286.9 289.1 
323.7 272.4 320.9 305.8 
292.5 289.8 321.6 288.4 
-323.7 -272.4 -320.9 -305.8 
309.1 242.6 310.5 262.7 
366.1 259.9 366.7 297.4 
339.7 266.9 344.5 294.0 
391.0 264.1 391.7 291.2 
345.2 301.6 334.8 287.0 
-391.0 -264.1 -391.7 -291.2 
356.3 238.4 356.3 257.2 
020387.jpg 1
361.2 134.3 361.2 303.0 
304.3 144.7 289.7 214.1 
407.7 137.0 426.5 204.4 
293.2 217.6 354.9 240.5 
428.5 213.4 404.2 230.8 
366.7 59.3 358.4 116.2 
020495.jpg 2
233.4 221.1 237.6 343.9 
154.3 220.4 91.8 297.4 
304.3 222.4 299.4 308.5 
83.5 317.6 150.8 373.8 
302.9 319.6 289.7 347.4 
268.9 130.1 269.5 207.2 
416.0 200.2 421.6 330.1 
332.7 212.0 329.3 316.9 
-416.0 -200.2 -421.6 -330.1 
329.3 339.1 387.6 329.4 
-416.0 -200.2 -421.6 -330.1 
418.1 80.1 418.1 171.1 
020732.jpg 2
221.6 211.3 220.9 345.3 
144.6 214.8 123.0 291.9 
293.2 210.6 311.2 298.1 
113.3 298.1 113.3 325.9 
309.8 323.8 274.4 353.7 
205.7 160.0 211.2 216.2 
440.3 176.6 445.2 313.4 
350.1 188.4 359.8 297.4 
519.5 187.0 516.7 294.6 
-350.1 -188.4 -359.8 -297.4 
-519.5 -187.0 -516.7 -294.6 
432.7 73.9 434.1 153.0 
020778.jpg 1
384.8 167.6 398.7 372.4 
291.1 205.1 291.1 321.0 
482.0 169.7 520.2 276.6 
280.7 357.8 304.3 383.5 
538.2 291.2 494.5 318.9 
348.7 48.9 359.1 148.1 
020856.jpg 2
237.6 202.3 245.2 351.6 
173.0 205.1 169.6 338.4 
305.0 203.0 306.3 327.3 
-173.0 -205.1 -169.6 -338.4 
184.8 362.7 297.3 346.7 
257.7 102.3 266.8 193.3 
424.4 189.8 432.7 344.6 
339.7 205.1 339.0 323.8 
498.0 194.0 500.8 305.8 
-339.7 -205.1 -339.0 -323.8 
-498.0 -194.0 -500.8 -305.8 
405.6 74.6 422.3 167.6 
020885.jpg 1
401.5 178.0 432.0 354.4 
303.6 204.4 300.8 331.4 
502.8 165.5 540.3 273.8 
291.1 343.9 324.4 377.3 
543.8 288.4 418.8 309.9 
400.8 75.2 386.2 168.3 
021102.jpg 2
216.1 232.2 223.7 365.5 
139.7 230.8 152.2 367.6 
277.9 228.0 288.3 340.5 
155.0 380.0 277.9 378.0 
-277.9 -228.0 -288.3 -340.5 
255.7 130.1 248.7 211.3 
386.2 206.5 398.7 355.7 
309.1 221.7 316.8 330.8 
449.4 201.6 472.3 289.8 
-309.1 -221.7 -316.8 -330.8 
495.2 291.2 457.0 172.5 
398.0 105.8 387.6 186.3 
021208.jpg 1
378.6 178.0 433.4 354.4 
274.4 211.3 303.6 366.2 
449.4 159.3 508.4 256.5 
305.0 394.6 436.2 388.4 
514.6 266.9 455.6 307.8 
407.7 86.4 379.2 182.9 
021263.jpg 1
373.7 172.5 425.1 339.1 
277.9 208.6 304.3 359.2 
453.5 157.2 510.5 257.9 
314.0 388.4 425.1 389.1 
520.2 267.6 454.2 310.6 
362.6 41.9 350.8 153.7 
021324.jpg 1
355.6 173.8 429.9 364.1 
273.0 234.2 305.0 379.4 
425.1 164.1 482.7 246.7 
-273.0 -234.2 -305.0 -379.4 
495.2 262.0 457.7 305.1 
342.4 34.3 361.9 117.6 
021328.jpg 1
359.8 175.2 421.6 354.4 
272.3 236.3 314.0 375.2 
420.9 159.3 482.7 248.1 
-272.3 -236.3 -314.0 -375.2 
486.2 257.2 459.1 301.6 
345.2 32.2 364.0 119.0 
021329.jpg 1
361.9 176.6 420.2 366.9 
274.4 231.5 305.6 378.7 
420.9 162.0 473.7 248.8 
-274.4 -231.5 -305.6 -378.7 
487.6 258.5 460.5 300.2 
348.7 35.7 363.3 119.7 
021428.jpg 3
195.3 232.2 205.0 322.4 
155.7 237.0 182.1 321.7 
231.4 228.7 233.4 303.7 
186.2 332.8 242.5 313.4 
-231.4 -228.7 -233.4 -303.7 
209.8 171.1 211.2 219.0 
299.4 209.9 307.7 310.6 
253.6 215.5 248.0 286.3 
340.4 215.5 353.6 294.6 
243.9 301.6 282.7 291.9 
356.3 298.8 379.2 248.1 
291.8 142.6 298.0 193.3 
497.3 171.1 495.2 382.1 
541.0 179.4 562.5 312.7 
-497.3 -171.1 -495.2 -382.1 
561.2 325.2 546.6 403.0 
-497.3 -171.1 -495.2 -382.1 
473.0 53.7 455.6 124.5 
021570.jpg 0
021624.jpg 2
445.2 219.7 471.6 393.9 
300.1 248.1 272.3 380.7 
545.9 244.7 578.5 374.5 
-300.1 -248.1 -272.3 -380.7 
-545.9 -244.7 -578.5 -374.5 
461.9 41.9 468.8 151.6 
222.3 272.4 221.6 324.5 
193.2 273.8 201.5 320.3 
245.2 267.6 249.4 312.0 
209.1 328.7 250.1 327.3 
-245.2 -267.6 -249.4 -312.0 
228.6 227.3 235.5 261.3 
021641.jpg 3
489.6 204.4 494.5 393.2 
344.5 237.7 323.7 383.5 
609.1 241.2 629.2 385.6 
-344.5 -237.7 -323.7 -383.5 
-609.1 -241.2 -629.2 -385.6 
486.9 40.5 461.9 143.3 
230.7 261.3 227.2 319.6 
203.6 266.2 207.1 321.0 
253.6 260.6 245.9 311.3 
-203.6 -266.2 -207.1 -321.0 
209.1 321.7 251.5 316.9 
245.2 223.1 240.4 253.7 
300.1 252.3 302.2 309.2 
272.3 255.1 256.4 294.6 
-300.1 -252.3 -302.2 -309.2 
259.8 302.3 265.4 315.5 
-300.1 -252.3 -302.2 -309.2 
298.7 205.8 299.4 238.4 
021699.jpg 2
214.7 264.8 215.4 318.9 
191.1 259.2 193.2 319.6 
236.9 256.5 234.8 308.5 
193.9 324.5 238.3 320.3 
-236.9 -256.5 -234.8 -308.5 
220.9 216.9 222.3 252.3 
288.3 255.1 286.9 310.6 
255.7 263.4 248.0 298.8 
320.2 254.4 323.7 288.4 
244.6 303.0 250.1 311.3 
-320.2 -254.4 -323.7 -288.4 
280.0 209.9 282.7 244.0 
021739.jpg 2
214.0 261.3 215.4 321.7 
184.8 264.8 190.4 321.0 
238.3 259.9 240.4 306.5 
191.8 326.6 241.8 319.6 
-238.3 -259.9 -240.4 -306.5 
218.2 219.7 229.3 255.1 
290.4 256.5 289.7 311.3 
252.9 263.4 245.2 298.8 
316.8 258.5 327.9 298.8 
243.2 308.5 252.9 317.6 
-316.8 -258.5 -327.9 -298.8 
278.6 213.4 284.1 244.7 
021882.jpg 2
238.3 194.7 248.7 370.3 
148.0 223.1 96.0 309.9 
312.6 212.0 312.6 301.6 
77.9 334.2 186.2 373.8 
311.2 309.9 305.0 342.6 
252.9 53.7 275.1 153.7 
482.0 179.4 474.4 327.3 
412.6 192.6 398.7 297.4 
564.6 174.5 591.0 299.5 
384.1 309.2 382.7 323.1 
582.7 315.5 475.8 333.5 
432.7 69.7 446.6 153.0 
021991.jpg 2
247.3 203.7 260.5 365.5 
155.7 225.2 114.7 312.7 
323.0 220.4 327.2 330.1 
93.2 332.1 184.8 375.9 
333.4 330.1 316.8 348.8 
278.6 75.9 271.6 174.5 
491.0 177.3 479.9 339.8 
407.7 189.8 397.3 292.6 
578.5 170.4 594.5 301.6 
384.1 298.8 386.2 314.1 
597.3 313.4 471.6 332.1 
445.9 66.9 464.0 154.4 
022006.jpg 2
249.4 209.9 261.2 369.6 
151.5 225.2 105.0 318.9 
318.1 214.1 321.6 318.9 
90.4 333.5 177.9 370.3 
323.7 329.4 318.1 346.7 
268.9 73.2 273.7 169.7 
486.2 174.5 484.1 335.6 
409.8 199.5 395.2 303.0 
579.2 175.9 595.9 307.1 
382.7 304.4 387.6 321.7 
589.6 313.4 466.0 331.4 
478.5 53.0 482.0 148.1 
022025.jpg 2
243.9 213.4 255.7 380.0 
157.8 222.4 105.7 321.0 
322.3 220.4 320.2 311.3 
93.9 342.6 177.2 373.8 
321.6 319.6 317.5 346.7 
270.2 71.8 270.9 168.3 
479.2 172.5 484.1 343.9 
402.2 200.2 390.4 303.7 
567.4 176.6 588.2 305.8 
377.9 312.0 379.2 328.7 
590.3 314.1 472.3 337.0 
485.5 56.5 482.7 147.5 
022059.jpg 2
245.9 205.8 261.9 368.9 
168.2 219.0 102.9 315.5 
325.8 214.8 318.8 305.8 
93.2 339.8 183.5 374.5 
320.2 316.9 316.8 338.4 
278.6 71.8 281.3 166.9 
479.9 166.2 478.5 332.8 
405.6 197.4 388.3 296.0 
575.7 174.5 597.3 308.5 
377.2 302.3 379.9 320.3 
584.8 312.7 468.1 327.3 
440.3 66.2 453.5 151.6 
022213.jpg 1
386.2 148.1 396.6 370.3 
268.2 169.0 254.3 304.4 
452.1 154.4 467.4 282.8 
246.6 320.3 275.1 393.9 
469.5 298.1 482.7 384.2 
397.3 41.9 393.1 129.4 
022455.jpg 2
248.0 204.4 264.0 360.6 
155.7 225.9 111.2 325.2 
315.4 210.6 325.1 314.1 
106.4 347.4 180.7 375.2 
325.8 321.0 320.9 348.8 
278.6 82.9 270.2 166.9 
435.5 182.9 441.7 348.8 
356.3 210.6 363.3 305.8 
523.7 174.5 535.5 287.0 
359.8 311.3 354.9 332.8 
541.7 314.1 491.7 350.2 
441.0 68.3 423.7 160.0 
022522.jpg 2
255.7 212.0 261.9 373.1 
158.5 216.2 118.9 318.3 
323.7 215.5 330.0 317.6 
110.5 340.5 185.5 377.3 
334.1 330.8 326.5 350.9 
272.3 103.7 273.7 187.0 
443.1 182.2 443.1 346.7 
357.0 219.0 361.2 318.9 
527.8 179.4 533.4 299.5 
350.1 328.0 352.9 340.5 
543.8 314.8 493.8 359.2 
435.5 75.2 425.1 153.0 
025121.jpg 1
299.4 186.3 284.8 387.0 
231.4 233.5 214.0 354.4 
400.8 230.1 395.2 388.4 
-231.4 -233.5 -214.0 -354.4 
-400.8 -230.1 -395.2 -388.4 
365.4 21.1 334.8 127.3 
025149.jpg 2
431.3 163.4 423.0 385.6 
352.2 187.7 309.8 325.2 
529.2 191.9 586.2 324.5 
-352.2 -187.7 -309.8 -325.2 
-529.2 -191.9 -586.2 -324.5 
445.2 46.8 429.2 135.7 
345.2 144.7 343.8 270.3 
291.1 148.1 290.4 226.6 
-345.2 -144.7 -343.8 -270.3 
289.0 234.9 282.7 290.5 
-345.2 -144.7 -343.8 -270.3 
353.6 73.9 342.4 120.4 
025179.jpg 2
268.9 145.4 272.3 244.0 
215.4 146.1 218.2 230.8 
307.0 148.8 315.4 223.1 
218.2 243.3 217.5 289.1 
313.3 231.5 318.8 276.6 
273.0 71.1 275.8 117.6 
549.4 162.7 536.9 366.9 
520.9 182.9 520.2 338.4 
-549.4 -162.7 -536.9 -366.9 
515.3 342.6 442.4 307.1 
-549.4 -162.7 -536.9 -366.9 
478.5 44.7 472.3 129.4 
025192.jpg 2
243.2 146.8 248.0 255.1 
191.8 159.3 193.9 244.0 
285.5 153.0 295.9 230.8 
193.9 251.6 196.6 300.9 
293.8 238.4 293.8 280.8 
256.4 80.8 250.1 127.3 
514.6 182.9 509.8 364.8 
453.5 316.9 491.0 222.4 
590.3 193.3 543.1 337.0 
441.0 317.6 454.9 214.1 
529.9 352.3 477.8 219.0 
465.3 56.5 469.5 139.8 
025215.jpg 2
235.5 146.8 247.3 247.4 
188.3 160.0 183.5 244.7 
277.9 157.9 284.8 232.9 
186.9 251.6 188.3 303.7 
284.8 240.5 286.2 288.4 
251.5 80.8 248.7 128.7 
481.3 173.1 492.4 319.6 
-410.5 -314.8 -425.1 -201.6 
534.8 185.6 454.2 318.3 
410.5 314.8 425.1 201.6 
445.2 306.5 439.0 206.5 
429.2 71.1 446.6 158.6 
025242.jpg 2
240.4 148.8 248.7 244.0 
184.8 156.5 191.1 244.0 
278.6 151.6 289.0 225.2 
191.1 250.2 193.2 301.6 
289.7 234.9 289.0 281.5 
255.0 81.5 248.7 127.3 
484.1 179.4 485.5 379.4 
-399.4 -301.6 -422.3 -200.2 
550.0 194.0 451.5 321.0 
399.4 301.6 422.3 200.2 
448.7 315.5 443.1 207.9 
438.3 64.8 448.7 153.7 
025399.jpg 2
236.2 150.2 249.4 259.9 
182.8 163.4 187.6 237.0 
274.4 155.1 286.2 237.0 
187.6 248.8 205.7 278.7 
286.9 248.8 286.2 291.9 
243.2 85.0 243.9 135.7 
420.9 189.8 432.0 389.8 
373.7 203.0 379.9 332.1 
526.4 193.3 573.0 334.2 
386.9 354.4 373.7 345.3 
570.9 346.0 465.3 329.4 
383.4 64.1 386.9 148.8 
025558.jpg 2
235.5 155.8 248.0 253.0 
183.5 167.6 184.8 242.6 
272.3 157.2 284.1 234.9 
185.5 250.2 183.5 307.8 
286.2 243.3 284.8 292.6 
242.5 85.7 246.6 130.8 
435.5 208.6 450.1 386.3 
378.6 219.0 393.8 339.1 
520.2 211.3 536.9 373.8 
-378.6 -219.0 -393.8 -339.1 
-520.2 -211.3 -536.9 -373.8 
391.0 70.4 390.4 162.7 
025671.jpg 0
025896.jpg 1
427.2 198.1 437.6 381.4 
361.9 213.4 353.6 328.0 
512.6 209.2 523.7 342.6 
358.4 336.3 343.1 405.0 
531.3 358.5 509.8 405.0 
409.1 82.9 414.0 160.6 
025906.jpg 1
448.0 199.5 450.8 393.2 
366.1 223.8 347.3 363.4 
546.6 230.8 560.5 366.9 
-366.1 -223.8 -347.3 -363.4 
-546.6 -230.8 -560.5 -366.9 
429.9 66.2 439.0 166.9 
026145.jpg 1
464.0 202.3 495.9 392.5 
418.8 215.5 434.1 350.9 
554.2 202.3 582.0 364.8 
437.6 356.4 429.2 400.2 
-554.2 -202.3 -582.0 -364.8 
459.1 56.5 470.2 157.9 
026381.jpg 1
218.9 153.7 225.1 248.1 
198.0 155.8 177.2 215.5 
194.6 156.5 154.3 183.6 
-198.0 -155.8 -177.2 -215.5 
158.5 182.2 157.8 237.0 
220.9 78.0 233.4 116.9 
026410.jpg 0
026412.jpg 0
027128.jpg 2
339.0 163.4 348.0 250.2 
295.2 166.9 289.7 234.9 
366.1 168.3 377.2 221.1 
293.2 241.2 327.9 275.2 
377.9 228.0 368.1 269.0 
327.2 103.7 333.4 141.9 
437.6 125.9 433.4 271.0 
-437.6 -125.9 -433.4 -271.0 
477.1 126.6 481.3 209.9 
-437.6 -125.9 -433.4 -271.0 
477.8 215.5 415.4 243.3 
419.5 49.6 419.5 107.9 
027746.jpg 0
027828.jpg 2
376.5 174.5 375.1 396.0 
361.2 197.4 320.9 337.0 
311.2 340.5 239.7 309.2 
-361.2 -197.4 -320.9 -337.0 
-311.2 -340.5 -239.7 -309.2 
278.6 85.7 294.5 173.1 
438.3 129.4 444.5 209.2 
411.2 141.2 407.0 191.2 
468.1 141.9 469.5 188.4 
-411.2 -141.2 -407.0 -191.2 
473.0 194.0 502.8 198.1 
443.1 81.5 441.0 113.4 
027873.jpg 2
448.7 112.0 448.7 164.8 
432.0 113.4 416.7 137.0 
473.0 123.8 473.0 156.5 
-432.0 -113.4 -416.7 -137.0 
475.8 160.0 488.3 155.8 
449.4 74.6 450.1 101.6 
327.2 164.8 321.6 347.4 
385.5 187.7 392.4 317.6 
384.8 319.6 252.9 321.0 
-385.5 -187.7 -392.4 -317.6 
-384.8 -319.6 -252.9 -321.0 
270.9 66.2 274.4 145.4 
028686.jpg 1
343.8 137.0 348.0 262.0 
292.5 150.2 284.8 225.9 
398.0 143.3 402.9 213.4 
282.0 236.3 329.3 267.6 
405.6 223.8 390.4 253.7 
341.8 55.1 340.4 107.9 
028694.jpg 1
338.3 136.3 339.0 259.2 
290.4 144.7 282.0 225.2 
394.5 148.8 394.5 223.1 
277.2 240.5 306.3 288.4 
398.0 234.2 366.1 264.8 
334.8 51.6 333.4 106.5 
028761.jpg 0
028782.jpg 0
029318.jpg 1
393.1 182.9 374.4 359.9 
319.5 190.5 287.6 297.4 
480.6 196.8 491.7 307.1 
269.5 296.7 291.1 355.1 
495.9 325.2 425.1 332.1 
374.4 103.7 382.0 174.5 
029336.jpg 1
373.0 180.8 373.7 352.3 
302.9 204.4 282.7 304.4 
464.0 194.0 470.2 302.3 
270.9 315.5 298.0 347.4 
464.0 308.5 375.8 280.8 
364.0 98.9 373.7 170.4 
029341.jpg 1
378.6 186.3 371.6 341.2 
318.1 203.0 293.8 303.0 
470.2 191.2 460.5 305.8 
281.3 317.6 307.7 341.9 
450.1 318.3 362.6 296.0 
376.5 98.9 381.3 173.1 
029370.jpg 1
357.7 185.6 358.4 345.3 
279.3 219.0 278.6 318.3 
439.7 189.8 462.6 299.5 
266.8 328.7 309.8 370.3 
454.9 307.8 365.4 362.7 
366.1 78.0 361.2 164.8 
029438.jpg 1
356.3 183.6 359.8 347.4 
286.2 219.7 283.4 320.3 
432.0 182.9 454.9 291.9 
276.5 330.1 297.3 357.8 
451.5 305.8 357.0 334.2 
375.8 87.7 354.3 162.7 
029443.jpg 1
350.8 178.7 364.7 346.7 
282.7 219.0 286.2 321.0 
428.5 180.1 449.4 292.6 
277.9 331.4 309.1 365.5 
460.5 306.5 356.3 332.1 
369.5 91.2 351.5 158.6 
029865.jpg 1
463.3 153.0 466.0 330.1 
403.5 182.9 394.5 283.5 
532.7 156.5 548.0 250.2 
393.8 296.7 395.2 386.3 
554.2 263.4 532.0 316.2 
453.5 60.7 447.3 129.4 
029921.jpg 1
350.1 250.2 377.9 403.0 
261.2 244.7 234.1 398.8 
411.9 245.4 494.5 324.5 
-261.2 -244.7 -234.1 -398.8 
508.4 332.8 643.1 384.2 
370.9 83.6 409.8 201.6 
030021.jpg 0
030271.jpg 1
366.7 157.9 406.3 348.1 
314.7 169.0 310.5 273.8 
407.0 158.6 431.3 245.4 
312.6 282.8 313.3 389.1 
431.3 255.8 447.3 328.7 
382.0 90.5 380.6 144.0 
030355.jpg 2
359.8 144.0 378.6 348.1 
-359.8 -144.0 -378.6 -348.1 
421.6 155.1 434.8 256.5 
-359.8 -144.0 -378.6 -348.1 
434.1 270.3 431.3 368.9 
377.2 54.4 382.7 118.3 
234.8 229.4 241.8 359.9 
172.3 233.5 165.4 318.3 
280.7 232.2 285.5 318.3 
-172.3 -233.5 -165.4 -318.3 
287.6 329.4 298.0 384.9 
256.4 142.6 249.4 200.9 
030482.jpg 1
452.8 133.6 439.0 289.1 
398.7 140.5 378.6 237.0 
519.5 143.3 524.4 253.7 
377.2 243.3 372.3 318.3 
525.1 261.3 514.6 307.8 
454.9 72.5 453.5 114.1 
030595.jpg 2
269.5 202.3 270.9 304.4 
218.2 216.2 207.8 284.2 
-269.5 -202.3 -270.9 -304.4 
207.1 293.3 196.6 345.3 
-269.5 -202.3 -270.9 -304.4 
277.2 126.6 280.7 168.3 
463.3 136.3 454.9 296.0 
407.0 147.5 393.1 240.5 
532.0 149.5 535.5 244.7 
393.1 248.1 388.3 307.8 
536.9 253.0 529.2 313.4 
442.4 74.6 445.2 117.6 
030854.jpg 2
274.4 243.3 270.2 357.8 
223.0 239.1 202.2 319.6 
317.5 241.2 325.1 328.7 
205.7 332.8 198.7 396.0 
331.3 336.3 330.6 397.4 
275.8 152.3 276.5 205.8 
445.9 155.8 446.6 309.9 
381.3 171.8 371.6 272.4 
523.7 160.6 529.2 266.9 
371.6 278.0 373.0 346.0 
529.9 274.5 530.6 339.8 
429.9 88.4 433.4 137.7 
030881.jpg 2
248.0 233.5 256.4 364.1 
190.4 238.4 180.7 319.6 
292.5 234.2 305.0 323.1 
178.6 329.4 177.9 397.4 
304.3 329.4 307.7 394.6 
247.3 153.0 249.4 208.6 
481.3 145.4 484.8 310.6 
418.1 161.3 402.9 253.7 
554.9 153.0 574.3 251.6 
399.4 259.9 362.6 319.6 
577.1 261.3 588.9 333.5 
473.7 82.2 475.8 133.6 
034014.jpg 1
306.3 187.0 314.7 355.1 
194.6 189.8 191.8 357.1 
417.4 189.1 454.9 346.7 
191.8 378.0 274.4 296.0 
450.8 355.7 342.4 306.5 
311.9 71.1 304.3 201.6 
034025.jpg 1
313.3 197.4 318.1 364.1 
210.5 182.9 191.8 377.3 
411.9 177.3 462.6 349.5 
202.2 377.3 281.3 264.8 
458.4 348.8 379.9 291.9 
317.5 85.0 320.2 203.0 
034426.jpg 2
318.1 209.2 322.3 395.3 
184.1 194.7 107.1 357.1 
408.4 226.6 427.2 386.3 
96.7 359.9 204.3 364.1 
-408.4 -226.6 -427.2 -386.3 
360.5 81.5 325.8 191.2 
543.1 268.3 541.7 391.9 
497.3 273.8 480.6 384.2 
620.2 277.3 668.1 399.5 
-497.3 -273.8 -480.6 -384.2 
-620.2 -277.3 -668.1 -399.5 
491.7 135.7 501.4 239.8 
034434.jpg 2
306.3 199.5 308.4 401.6 
175.1 208.6 110.5 372.4 
407.0 220.4 443.8 378.7 
101.5 375.2 205.0 332.8 
341.1 72.5 312.6 181.5 
-306.3 -199.5 -308.4 -401.6 
539.6 266.2 548.0 399.5 
500.8 275.2 483.4 372.4 
600.0 270.3 665.3 397.4 
-500.8 -275.2 -483.4 -372.4 
-600.0 -270.3 -665.3 -397.4 
500.8 139.1 502.8 237.7 
034572.jpg 2
320.9 200.9 323.0 395.3 
177.2 200.9 112.6 377.3 
427.2 220.4 441.7 368.2 
118.2 379.4 183.5 332.1 
-427.2 -220.4 -441.7 -368.2 
320.2 35.7 298.0 161.3 
537.5 262.7 541.7 393.9 
516.7 259.2 479.2 384.9 
611.8 281.5 650.0 398.8 
-516.7 -259.2 -479.2 -384.9 
-611.8 -281.5 -650.0 -398.8 
504.9 103.0 497.3 216.9 
034799.jpg 3
208.4 162.0 212.6 243.3 
165.4 155.1 156.4 209.2 
249.4 153.7 256.4 221.7 
155.0 219.0 171.0 237.7 
254.3 225.2 256.4 272.4 
207.1 101.6 210.5 135.7 
500.8 175.2 496.6 262.7 
470.2 163.4 460.5 210.6 
545.9 176.6 554.2 234.9 
455.6 215.5 444.5 257.2 
554.9 237.0 529.2 257.2 
489.6 121.1 499.4 153.7 
307.0 91.2 306.3 173.8 
264.7 94.0 243.9 142.6 
341.8 94.0 357.7 129.4 
248.0 141.9 270.9 158.6 
-341.8 -94.0 -357.7 -129.4 
306.3 48.2 304.3 79.4 
034863.jpg 5
223.7 152.3 227.2 234.9 
184.8 153.0 173.7 209.9 
265.4 155.1 271.6 214.1 
166.1 219.7 185.5 239.1 
272.3 223.1 270.2 272.4 
223.0 100.2 226.5 137.0 
340.4 207.2 341.8 300.9 
295.2 209.9 287.6 280.8 
382.0 213.4 382.0 278.7 
283.4 287.0 288.3 341.2 
382.7 287.0 382.7 332.8 
349.4 150.2 341.8 197.4 
493.1 171.8 483.4 261.3 
470.9 159.3 457.0 210.6 
537.5 171.1 548.7 225.2 
452.1 217.6 441.0 259.2 
558.4 234.9 526.4 246.0 
487.6 117.6 493.1 150.2 
305.6 88.4 307.0 175.2 
264.0 95.4 247.3 137.0 
339.0 89.8 356.3 137.7 
247.3 141.2 273.7 154.4 
-339.0 -89.8 -356.3 -137.7 
307.7 46.1 307.0 75.2 
400.1 125.9 404.2 205.8 
-400.1 -125.9 -404.2 -205.8 
435.5 129.4 445.2 185.6 
-400.1 -125.9 -404.2 -205.8 
447.3 190.5 454.9 171.1 
396.6 75.2 400.1 105.1 
035165.jpg 3
208.4 237.7 214.0 350.9 
125.1 244.7 125.1 343.3 
268.2 228.0 277.9 324.5 
-125.1 -244.7 -125.1 -343.3 
-268.2 -228.0 -277.9 -324.5 
194.6 139.8 215.4 212.0 
397.3 250.9 379.2 385.6 
342.4 262.0 325.8 321.0 
452.8 259.9 484.1 342.6 
323.7 325.9 309.8 393.9 
484.1 353.0 431.3 385.6 
377.9 161.3 377.9 214.8 
538.9 187.7 552.8 343.9 
-470.9 -206.5 -468.1 -292.6 
602.8 195.4 613.2 302.3 
470.9 206.5 468.1 292.6 
616.0 314.1 610.5 394.6 
528.5 96.8 539.6 155.1 
037386.jpg 4
289.7 145.4 302.9 273.8 
218.2 146.8 194.6 205.8 
345.9 144.7 378.6 212.0 
186.2 215.5 224.4 263.4 
382.7 219.7 379.9 294.6 
295.2 55.8 298.7 112.7 
250.1 292.6 259.1 390.5 
172.3 296.7 143.9 382.8 
286.9 292.6 325.1 346.7 
-172.3 -296.7 -143.9 -382.8 
-286.9 -292.6 -325.1 -346.7 
245.9 191.2 253.6 270.3 
554.9 200.9 561.2 321.7 
-554.9 -200.9 -561.2 -321.7 
621.6 213.4 659.7 289.8 
-554.9 -200.9 -561.2 -321.7 
663.9 298.8 667.4 339.1 
550.0 121.1 557.7 175.9 
475.8 338.4 465.3 403.0 
416.0 301.6 390.4 297.4 
-475.8 -338.4 -465.3 -403.0 
390.4 314.1 370.2 375.9 
-475.8 -338.4 -465.3 -403.0 
498.0 235.6 502.8 332.1 
037441.jpg 1
436.9 198.8 431.3 321.7 
379.2 197.4 346.6 257.9 
-498.7 -280.8 -481.3 -229.4 
345.2 266.2 350.1 325.2 
498.7 280.8 481.3 229.4 
429.2 126.6 434.1 180.1 
037678.jpg 1
371.6 130.1 368.8 197.4 
349.4 126.6 332.7 155.8 
397.3 128.7 396.6 170.4 
330.0 157.2 304.3 180.1 
389.0 175.9 348.0 166.9 
373.0 77.3 373.0 115.5 
037681.jpg 1
364.7 136.3 364.7 212.0 
329.3 138.4 327.2 185.6 
398.7 139.1 407.7 179.4 
319.5 186.3 335.5 211.3 
412.6 184.3 404.2 212.0 
367.4 80.8 368.8 117.6 
037693.jpg 1
356.3 171.1 359.1 274.5 
314.0 167.6 298.0 239.1 
400.8 175.2 400.1 232.9 
297.3 253.0 310.5 287.7 
399.4 239.8 406.3 265.5 
372.3 98.2 367.4 146.1 
038529.jpg 2
277.2 188.4 284.1 384.9 
175.8 211.3 156.4 313.4 
359.1 183.6 394.5 309.9 
-175.8 -211.3 -156.4 -313.4 
148.0 331.4 151.5 382.1 
258.4 78.0 270.2 170.4 
500.8 189.8 500.8 378.7 
427.2 189.8 427.2 289.8 
591.7 209.9 622.9 330.1 
425.8 305.8 424.4 340.5 
615.3 347.4 520.2 368.9 
459.8 61.4 464.0 156.5 
038611.jpg 2
225.1 163.4 235.5 296.0 
172.3 186.3 127.9 224.5 
283.4 172.5 343.1 217.6 
123.0 237.7 144.6 289.1 
347.3 230.1 320.9 284.2 
232.1 85.7 232.1 145.4 
443.8 157.9 421.6 357.8 
383.4 160.6 366.1 258.5 
526.4 183.6 538.2 309.9 
350.8 278.0 355.6 329.4 
534.8 330.1 457.0 338.4 
403.5 65.5 402.9 137.7 
038712.jpg 2
219.6 169.0 225.1 288.4 
160.5 184.3 150.8 274.5 
275.1 180.1 296.6 257.2 
148.7 284.9 136.9 353.7 
295.9 262.7 314.7 279.4 
220.2 100.2 225.8 154.4 
417.4 168.3 426.5 337.0 
352.2 169.7 345.2 274.5 
500.1 165.5 533.4 289.1 
341.1 282.8 351.5 326.6 
532.7 300.9 451.5 318.3 
372.3 103.7 405.6 162.0 
038762.jpg 2
270.2 187.7 275.1 380.0 
162.6 217.6 116.8 306.5 
366.7 195.4 400.8 308.5 
112.6 318.9 146.0 397.4 
-366.7 -195.4 -400.8 -308.5 
264.0 71.8 261.9 162.7 
494.5 207.2 495.2 372.4 
424.4 199.5 430.6 291.9 
587.5 214.8 616.0 326.6 
432.7 301.6 420.2 348.1 
609.8 353.0 513.9 365.5 
461.9 57.2 461.2 153.0 
038814.jpg 2
270.9 198.8 280.0 380.7 
159.8 221.7 103.6 308.5 
350.1 194.7 374.4 283.5 
91.1 322.4 132.8 397.4 
371.6 294.6 365.4 368.2 
273.7 87.1 274.4 182.9 
495.9 196.8 502.8 382.1 
424.4 198.1 430.6 288.4 
591.7 218.3 614.6 318.9 
434.8 300.2 427.8 341.2 
458.4 60.0 459.8 156.5 
-495.9 -196.8 -502.8 -382.1 
038834.jpg 2
495.9 198.1 509.8 378.0 
426.5 203.0 431.3 281.5 
588.9 214.8 614.6 328.7 
433.4 299.5 434.1 339.8 
611.8 350.2 510.5 368.2 
457.7 59.3 459.8 157.2 
272.3 196.1 275.1 378.7 
161.2 223.1 126.5 319.6 
352.2 194.0 384.8 295.3 
123.0 325.9 118.2 364.1 
391.0 303.7 382.0 371.7 
253.6 72.5 255.7 165.5 
038841.jpg 2
264.7 183.6 267.5 386.3 
162.6 218.3 144.6 319.6 
366.1 198.8 390.4 293.3 
141.1 338.4 114.7 363.4 
392.4 301.6 384.1 369.6 
249.4 66.9 254.3 168.3 
496.6 201.6 497.3 371.0 
423.7 194.7 435.5 285.6 
591.7 216.2 620.2 323.8 
437.6 305.1 437.6 348.1 
618.8 347.4 511.2 369.6 
458.4 60.0 461.9 162.7 
039028.jpg 2
278.6 198.1 283.4 388.4 
161.9 226.6 107.8 314.8 
367.4 206.5 396.6 312.0 
98.1 328.0 127.9 398.1 
399.4 321.0 394.5 390.5 
284.8 84.3 289.7 180.8 
508.4 191.2 496.6 377.3 
423.0 196.1 426.5 339.8 
600.7 205.1 576.4 342.6 
-423.0 -196.1 -426.5 -339.8 
-600.7 -205.1 -576.4 -342.6 
480.6 55.8 484.1 153.0 
039049.jpg 2
273.7 222.4 271.6 387.7 
162.6 234.9 100.1 321.0 
361.2 205.8 392.4 308.5 
83.5 330.8 121.0 399.5 
392.4 320.3 384.1 384.2 
258.4 96.1 260.5 190.5 
523.7 209.2 527.1 372.4 
445.2 202.3 448.7 334.9 
619.5 209.2 594.5 349.5 
-445.2 -202.3 -448.7 -334.9 
-619.5 -209.2 -594.5 -349.5 
470.9 62.7 463.3 159.3 
039209.jpg 2
223.0 177.3 223.0 291.9 
161.2 184.3 145.3 278.7 
277.9 182.2 290.4 277.3 
147.3 290.5 143.9 361.3 
291.1 286.3 298.0 362.0 
227.9 103.0 225.1 171.8 
419.5 161.3 415.4 335.6 
368.1 164.1 358.4 262.7 
513.2 183.6 525.1 313.4 
348.7 279.4 350.1 330.1 
513.9 322.4 429.9 337.7 
368.1 64.8 378.6 141.9 
039231.jpg 2
226.5 181.5 223.0 291.9 
168.2 187.0 149.4 282.8 
284.1 184.9 291.1 281.5 
146.0 291.2 143.2 359.9 
295.2 289.8 298.7 359.2 
246.6 97.5 243.2 157.2 
423.7 164.8 416.7 344.6 
370.9 168.3 356.3 264.8 
507.7 178.7 515.3 308.5 
350.1 273.8 347.3 327.3 
511.2 325.2 432.7 337.7 
374.4 66.9 386.2 143.3 
039265.jpg 2
205.7 173.8 221.6 303.7 
152.2 183.6 148.0 272.4 
267.5 177.3 294.5 262.7 
149.4 283.5 148.7 354.4 
295.9 271.7 306.3 339.8 
176.5 81.5 189.7 139.1 
418.8 167.6 419.5 324.5 
368.8 164.8 357.0 264.1 
511.2 182.9 529.2 305.8 
353.6 273.1 352.2 333.5 
525.7 318.9 435.5 330.8 
365.4 80.8 379.2 150.9 
039300.jpg 2
275.8 189.8 274.4 384.9 
165.4 209.9 121.7 286.3 
364.0 190.5 399.4 290.5 
-165.4 -209.9 -121.7 -286.3 
116.8 300.2 144.6 387.7 
285.5 71.1 288.3 163.4 
488.3 193.3 500.1 359.9 
418.8 198.1 416.0 313.4 
582.0 211.3 530.6 327.3 
417.4 321.7 400.8 399.5 
527.8 334.9 495.9 403.7 
482.7 47.5 475.8 150.2 
039487.jpg 2
286.2 192.6 271.6 382.1 
175.8 212.7 147.3 314.1 
359.1 181.5 397.3 296.7 
135.5 331.4 117.5 370.3 
400.8 309.2 401.5 373.8 
239.7 93.3 262.6 176.6 
515.3 203.0 512.6 367.6 
438.3 190.5 439.7 309.2 
610.5 208.6 678.5 301.6 
438.3 320.3 415.4 398.8 
-610.5 -208.6 -678.5 -301.6 
568.1 80.1 559.1 173.8 
039517.jpg 1
296.6 224.5 316.8 398.1 
174.4 267.6 166.8 390.5 
403.5 196.1 437.6 301.6 
-174.4 -267.6 -166.8 -390.5 
436.9 325.9 441.0 401.6 
267.5 73.2 268.2 186.3 
039542.jpg 1
395.9 239.1 409.8 399.5 
265.4 271.0 241.8 391.2 
543.1 246.0 578.5 390.5 
-265.4 -271.0 -241.8 -391.2 
-543.1 -246.0 -578.5 -390.5 
332.7 92.6 358.4 226.6 
039588.jpg 1
401.5 255.8 405.6 396.7 
253.6 289.8 226.5 397.4 
548.7 257.9 586.8 398.1 
-253.6 -289.8 -226.5 -397.4 
-548.7 -257.9 -586.8 -398.1 
355.6 84.3 368.8 234.2 
039602.jpg 1
400.1 247.4 400.8 402.3 
246.6 284.9 230.7 396.7 
544.5 268.3 564.6 396.0 
-246.6 -284.9 -230.7 -396.7 
-544.5 -268.3 -564.6 -396.0 
352.9 71.8 368.8 220.4 
040211.jpg 1
264.0 185.6 292.5 279.4 
-294.5 -285.6 -301.5 -359.9 
361.9 186.3 378.6 271.7 
294.5 285.6 301.5 359.9 
377.9 281.5 385.5 348.8 
319.5 80.1 318.8 146.8 
040706.jpg 2
232.7 205.1 245.9 348.1 
161.2 221.1 152.9 324.5 
294.5 209.2 300.1 312.0 
153.6 337.7 160.5 397.4 
300.1 323.1 307.0 396.7 
247.3 111.4 250.8 168.3 
435.5 209.2 433.4 386.3 
370.9 212.7 356.3 310.6 
482.0 218.3 494.5 305.8 
353.6 320.3 350.1 399.5 
500.1 323.1 521.6 397.4 
414.7 127.3 410.5 187.0 
040883.jpg 0
040887.jpg 0
041169.jpg 2
171.0 219.0 168.2 370.3 
127.2 222.4 98.1 289.8 
230.7 223.8 268.9 302.3 
93.9 296.0 72.4 343.9 
273.0 316.9 216.8 326.6 
191.8 125.9 174.4 176.6 
502.1 198.8 504.2 342.6 
451.5 200.2 443.8 291.2 
586.8 191.9 603.5 295.3 
444.5 299.5 439.0 368.2 
602.8 308.5 606.3 384.9 
480.6 112.7 484.8 171.1 
041346.jpg 1
495.2 198.1 490.3 361.3 
443.8 214.1 442.4 319.6 
566.0 214.8 583.4 323.1 
441.0 334.9 429.2 400.9 
587.5 333.5 596.6 400.2 
470.9 96.1 479.9 178.7 
042377.jpg 1
305.0 169.7 335.5 391.9 
442.4 257.2 412.6 398.1 
557.0 256.5 512.6 381.4 
400.8 396.0 412.6 307.8 
503.5 391.2 430.6 297.4 
291.8 73.2 300.8 149.5 
042681.jpg 4
218.2 151.6 232.7 290.5 
139.0 141.9 137.6 246.0 
246.6 162.7 260.5 262.7 
138.3 257.2 145.3 341.9 
260.5 269.0 269.5 332.1 
250.8 78.7 236.2 129.4 
341.1 184.3 343.1 296.7 
284.8 188.4 274.4 262.7 
373.7 204.4 377.9 269.0 
273.0 273.8 319.5 311.3 
382.7 269.7 376.5 278.0 
339.0 114.8 344.5 162.0 
457.0 209.9 450.1 305.1 
431.3 210.6 419.5 284.2 
498.0 218.3 501.4 295.3 
-431.3 -210.6 -419.5 -284.2 
499.4 307.1 439.0 299.5 
470.2 144.7 464.6 189.1 
545.9 195.4 545.9 310.6 
-545.9 -195.4 -545.9 -310.6 
598.6 194.7 582.7 282.8 
-545.9 -195.4 -545.9 -310.6 
580.6 292.6 537.5 313.4 
527.8 128.0 520.2 173.1 
042704.jpg 3
209.8 144.7 218.9 293.3 
134.2 141.2 125.1 241.9 
245.9 160.0 255.7 270.3 
127.9 253.0 132.8 331.4 
255.0 275.9 256.4 334.9 
213.3 64.8 211.2 119.7 
459.1 210.6 450.8 323.1 
434.1 211.3 423.0 275.9 
499.4 220.4 503.5 301.6 
-434.1 -211.3 -423.0 -275.9 
499.4 306.5 439.7 295.3 
461.2 142.6 447.3 189.1 
543.1 197.4 538.9 294.6 
-543.1 -197.4 -538.9 -294.6 
582.0 191.9 575.0 296.7 
-543.1 -197.4 -538.9 -294.6 
575.7 304.4 563.2 369.6 
515.3 130.1 515.3 176.6 
043224.jpg 1
193.2 189.8 211.2 391.2 
223.7 239.8 220.9 398.1 
527.1 216.2 536.9 335.6 
-223.7 -239.8 -220.9 -398.1 
532.7 343.3 510.5 401.6 
250.1 39.1 266.8 155.1 
044588.jpg 1
326.5 187.0 329.3 368.9 
240.4 209.2 225.1 355.7 
409.8 199.5 417.4 352.3 
-240.4 -209.2 -225.1 -355.7 
-409.8 -199.5 -417.4 -352.3 
333.4 76.6 338.3 153.0 
044593.jpg 1
291.8 188.4 306.3 362.7 
218.2 214.1 208.4 341.2 
377.9 192.6 402.9 337.7 
-218.2 -214.1 -208.4 -341.2 
-377.9 -192.6 -402.9 -337.7 
295.9 71.8 305.6 154.4 
044595.jpg 1
281.3 182.2 295.2 355.1 
207.1 209.2 197.3 331.4 
366.7 192.6 392.4 318.3 
-207.1 -209.2 -197.3 -331.4 
-366.7 -192.6 -392.4 -318.3 
281.3 80.8 294.5 153.7 
044603.jpg 1
230.0 199.5 239.7 334.9 
164.7 221.1 157.1 332.8 
305.6 194.7 320.9 313.4 
-164.7 -221.1 -157.1 -332.8 
324.4 326.6 327.2 394.6 
225.1 87.7 247.3 163.4 
044630.jpg 1
280.7 162.7 273.0 284.9 
223.7 172.5 204.3 253.7 
345.2 182.9 350.1 264.8 
202.2 266.9 193.9 298.8 
350.8 274.5 348.7 323.1 
286.2 81.5 279.3 136.3 
044722.jpg 1
391.7 206.5 405.6 366.2 
317.5 228.7 323.0 313.4 
470.2 216.9 484.8 318.9 
326.5 330.8 323.7 399.5 
488.9 329.4 493.8 397.4 
375.1 77.3 370.2 173.1 
044725.jpg 1
386.2 207.9 402.2 371.7 
316.8 228.7 323.0 332.1 
472.3 217.6 486.2 319.6 
325.1 340.5 320.9 398.1 
484.1 332.8 495.9 399.5 
374.4 81.5 368.1 172.5 
044800.jpg 1
387.6 206.5 399.4 375.2 
318.1 219.0 325.8 320.3 
471.6 213.4 486.2 304.4 
325.1 328.7 317.5 401.6 
491.0 316.2 510.5 398.1 
374.4 78.7 365.4 175.2 
044805.jpg 1
386.9 200.9 396.6 377.3 
322.3 211.3 319.5 315.5 
473.7 209.9 488.9 311.3 
319.5 329.4 311.2 398.8 
493.8 330.1 505.6 398.8 
378.6 78.7 370.2 171.8 
045282.jpg 2
228.6 194.0 254.3 276.6 
180.0 216.2 180.7 288.4 
268.9 176.6 279.3 230.8 
183.5 300.9 182.8 352.3 
276.5 240.5 254.3 200.2 
211.2 151.6 220.9 189.1 
512.6 148.8 513.9 255.1 
475.1 139.8 473.7 206.5 
577.8 142.6 611.1 191.2 
-475.1 -139.8 -473.7 -206.5 
620.9 202.3 591.0 253.0 
480.6 75.9 488.9 122.5 
045475.jpg 1
281.3 209.2 290.4 391.2 
198.0 230.1 195.9 325.9 
375.1 207.9 391.0 328.0 
189.0 339.1 202.2 356.4 
400.8 337.0 373.7 361.3 
269.5 66.2 289.0 167.6 
045515.jpg 1
283.4 205.1 293.2 383.5 
197.3 228.0 214.0 337.7 
373.7 214.1 382.7 337.7 
212.6 350.2 175.8 400.2 
388.3 355.1 408.4 401.6 
281.3 61.4 291.1 162.7 
045589.jpg 1
295.9 207.2 300.1 394.6 
207.8 219.7 211.2 331.4 
382.7 226.6 412.6 338.4 
209.1 350.9 179.3 400.9 
416.0 354.4 470.9 398.8 
295.9 65.5 307.0 161.3 
045802.jpg 1
327.2 209.9 325.1 389.1 
248.7 231.5 232.7 350.2 
420.2 225.2 439.7 338.4 
225.1 354.4 234.1 393.2 
443.1 348.8 411.9 386.3 
313.3 70.4 317.5 162.7 
046029.jpg 1
286.2 200.9 289.7 371.0 
203.6 214.8 192.5 314.8 
377.2 204.4 384.1 323.1 
182.1 331.4 205.0 330.8 
389.0 336.3 350.1 354.4 
286.2 61.4 289.0 154.4 
046044.jpg 1
278.6 193.3 279.3 364.1 
196.6 216.9 189.7 321.0 
372.3 207.2 379.2 327.3 
180.0 344.6 203.6 337.0 
386.2 341.2 342.4 354.4 
274.4 63.4 282.7 157.9 
046111.jpg 1
305.6 189.1 305.6 386.3 
222.3 225.2 220.9 330.1 
398.7 215.5 419.5 337.7 
207.8 337.0 214.7 355.1 
421.6 352.3 369.5 383.5 
295.9 62.1 302.9 160.0 
046192.jpg 1
296.6 206.5 289.7 381.4 
219.6 226.6 218.9 335.6 
386.9 224.5 401.5 345.3 
213.3 335.6 210.5 350.9 
409.1 355.1 374.4 389.1 
291.8 76.6 295.9 171.1 
046317.jpg 1
302.2 199.5 289.7 388.4 
214.7 225.2 202.9 339.8 
390.4 226.6 405.6 339.1 
198.7 348.1 196.6 375.9 
411.9 356.4 364.7 386.3 
293.8 69.0 303.6 165.5 
046345.jpg 1
293.2 209.9 289.7 391.2 
207.8 227.3 200.8 325.2 
386.2 223.8 397.3 334.2 
191.8 341.9 207.8 388.4 
398.0 350.9 370.9 392.5 
302.2 57.9 309.1 153.7 
046394.jpg 1
293.8 206.5 307.7 399.5 
209.8 239.8 214.0 347.4 
388.3 219.0 402.9 334.9 
208.4 362.0 225.1 403.0 
410.5 354.4 389.7 401.6 
291.1 64.8 298.7 164.8 
046423.jpg 1
295.2 208.6 309.1 397.4 
215.4 230.1 211.9 341.2 
394.5 219.0 407.7 340.5 
208.4 354.4 226.5 398.1 
407.7 355.7 384.8 401.6 
261.9 69.0 282.0 166.2 
046795.jpg 2
250.8 152.3 259.8 234.2 
220.9 148.8 197.3 205.8 
297.3 150.9 339.0 185.6 
186.9 209.9 184.8 184.3 
331.3 192.6 286.2 167.6 
249.4 89.1 249.4 128.7 
459.1 135.0 457.0 240.5 
434.8 138.4 428.5 207.9 
-459.1 -135.0 -457.0 -240.5 
427.8 214.1 425.1 260.6 
-459.1 -135.0 -457.0 -240.5 
423.0 73.2 437.6 111.4 
046802.jpg 2
250.1 150.9 253.6 235.6 
213.3 143.3 178.6 201.6 
290.4 146.1 327.2 189.1 
168.9 199.5 193.2 151.6 
336.9 182.2 308.4 146.1 
253.6 82.9 257.7 130.8 
460.5 135.7 454.2 219.7 
435.5 140.5 428.5 211.3 
-460.5 -135.7 -454.2 -219.7 
427.8 216.2 423.7 259.2 
-460.5 -135.7 -454.2 -219.7 
420.2 71.1 438.3 111.4 
046894.jpg 2
268.2 157.9 270.2 239.8 
226.5 160.6 208.4 221.1 
-316.1 -212.7 -353.6 -229.4 
205.0 224.5 199.4 273.8 
316.1 212.7 353.6 229.4 
272.3 87.1 278.6 130.1 
464.0 128.7 457.0 226.6 
436.2 137.7 428.5 203.0 
-464.0 -128.7 -457.0 -226.6 
428.5 211.3 425.1 252.3 
-464.0 -128.7 -457.0 -226.6 
427.2 71.1 443.8 110.7 
047660.jpg 1
370.2 159.3 378.6 283.5 
312.6 166.9 289.0 252.3 
414.7 150.2 418.8 216.9 
289.0 262.7 346.6 266.9 
418.1 219.7 423.0 237.7 
352.9 73.9 362.6 128.7 
048494.jpg 1
282.7 104.4 298.0 189.1 
248.0 119.7 227.9 165.5 
316.1 111.4 335.5 130.1 
226.5 170.4 223.7 196.1 
-316.1 -111.4 -335.5 -130.1 
279.3 63.4 277.2 87.7 
049082.jpg 1
531.3 200.2 582.0 381.4 
448.0 248.8 425.8 387.7 
-531.3 -200.2 -582.0 -381.4 
404.2 390.5 361.2 300.9 
-531.3 -200.2 -582.0 -381.4 
395.9 73.2 452.1 180.8 
049477.jpg 1
440.3 184.3 494.5 302.3 
400.8 179.4 428.5 252.3 
497.3 173.1 525.7 278.7 
424.4 255.1 398.0 289.8 
522.3 298.8 452.1 329.4 
414.0 93.3 429.9 162.7 
049503.jpg 1
443.8 138.4 459.1 301.6 
393.1 171.8 371.6 236.3 
503.5 139.1 541.7 216.9 
361.9 233.5 371.6 162.0 
551.4 232.9 561.2 309.9 
416.0 69.0 432.0 125.9 
049592.jpg 3
330.0 129.4 335.5 228.7 
275.8 150.9 248.0 201.6 
368.8 130.1 389.0 182.9 
254.3 211.3 275.8 239.8 
395.9 191.2 389.7 226.6 
307.0 86.4 325.1 118.3 
491.0 146.8 475.1 248.8 
477.1 146.8 452.1 198.1 
-532.0 -238.4 -477.1 -209.2 
514.6 157.9 532.0 231.5 
532.0 238.4 477.1 209.2 
461.2 73.9 468.1 126.6 
220.2 175.2 241.1 280.1 
180.7 180.8 176.5 277.3 
-220.2 -175.2 -241.1 -280.1 
177.9 293.3 215.4 367.6 
-220.2 -175.2 -241.1 -280.1 
222.3 86.4 239.0 139.8 
049601.jpg 3
310.5 123.8 327.2 235.6 
266.8 144.0 230.0 198.1 
356.3 128.0 377.9 182.2 
230.7 209.2 264.7 237.0 
379.2 191.2 378.6 224.5 
293.2 81.5 309.8 121.1 
484.1 142.6 480.6 252.3 
464.6 153.7 456.3 205.8 
520.2 154.4 531.3 220.4 
-464.6 -153.7 -456.3 -205.8 
533.4 240.5 476.4 216.9 
464.0 69.0 460.5 123.2 
209.8 169.0 225.1 301.6 
174.4 173.8 175.1 272.4 
-209.8 -169.0 -225.1 -301.6 
180.0 289.8 214.0 360.6 
-209.8 -169.0 -225.1 -301.6 
213.3 79.4 232.1 138.4 
049754.jpg 3
393.1 214.1 378.6 399.5 
308.4 230.8 276.5 387.7 
509.8 238.4 545.2 397.4 
281.3 401.6 330.0 352.3 
493.1 403.7 415.4 387.7 
371.6 60.7 377.9 196.8 
234.8 212.0 250.8 391.2 
148.7 230.1 139.7 344.6 
-136.9 -359.9 -142.5 -403.0 
-148.7 -230.1 -139.7 -344.6 
136.9 359.9 142.5 403.0 
176.5 108.6 207.8 176.6 
595.9 169.7 613.9 268.3 
-595.9 -169.7 -613.9 -268.3 
651.4 166.9 672.9 239.8 
-595.9 -169.7 -613.9 -268.3 
675.7 254.4 659.1 296.7 
573.7 100.2 584.8 146.1 
049761.jpg 3
406.3 216.2 378.6 398.1 
308.4 230.1 280.7 386.3 
513.2 237.0 552.1 401.6 
284.1 400.9 328.6 362.7 
507.0 402.3 414.7 387.7 
375.1 62.7 373.7 191.9 
234.8 206.5 254.3 385.6 
154.3 231.5 143.9 350.9 
-234.8 -206.5 -254.3 -385.6 
143.2 364.8 150.1 400.2 
-234.8 -206.5 -254.3 -385.6 
189.0 104.4 215.4 171.8 
596.6 171.8 613.9 274.5 
-596.6 -171.8 -613.9 -274.5 
650.7 171.1 674.3 248.1 
-596.6 -171.8 -613.9 -274.5 
672.9 257.2 675.7 317.6 
569.5 100.2 586.2 145.4 
051598.jpg 0
051601.jpg 0
051638.jpg 0
052497.jpg 1
600.7 187.7 595.9 328.7 
564.6 197.4 557.0 298.8 
680.6 209.2 684.7 317.6 
555.6 309.2 513.9 390.5 
686.1 328.0 697.2 398.8 
593.1 68.3 583.4 146.1 
052503.jpg 1
566.7 177.3 564.6 338.4 
514.6 189.8 511.9 274.5 
646.6 192.6 697.9 293.3 
502.8 287.0 429.2 321.0 
-646.6 -192.6 -697.9 -293.3 
558.4 64.8 549.4 144.7 
052544.jpg 1
386.9 205.8 377.9 383.5 
354.3 210.6 328.6 303.7 
454.2 210.6 466.0 345.3 
319.5 312.0 225.1 331.4 
-454.2 -210.6 -466.0 -345.3 
375.1 72.5 359.1 162.0 
052574.jpg 1
307.0 208.6 314.7 387.0 
216.1 212.0 198.7 371.0 
356.3 214.1 363.3 357.1 
-216.1 -212.0 -198.7 -371.0 
-356.3 -214.1 -363.3 -357.1 
332.0 71.8 329.3 174.5 
052604.jpg 1
425.1 256.5 432.7 384.9 
373.0 254.4 302.9 216.2 
488.9 243.3 532.0 180.8 
300.8 205.8 325.8 141.9 
536.9 174.5 516.7 112.7 
421.6 172.5 425.1 232.2 
052622.jpg 1
422.3 257.2 432.7 387.7 
364.7 257.9 295.9 218.3 
491.0 244.7 527.1 182.2 
295.9 211.3 318.8 136.3 
528.5 169.7 507.7 98.2 
416.7 174.5 419.5 231.5 
052718.jpg 1
395.2 185.6 388.3 320.3 
348.7 185.6 325.1 279.4 
472.3 196.1 500.1 307.1 
315.4 292.6 242.5 336.3 
500.1 318.3 529.2 400.2 
373.0 86.4 373.7 159.3 
052730.jpg 1
389.0 185.6 389.0 324.5 
339.0 191.2 327.9 281.5 
464.0 189.1 485.5 305.1 
318.8 293.3 261.9 280.1 
487.6 318.3 493.1 390.5 
379.9 78.7 374.4 164.1 
053266.jpg 2
377.9 165.5 384.8 384.2 
274.4 177.3 261.9 315.5 
462.6 173.1 491.0 308.5 
259.8 327.3 255.7 398.8 
491.0 318.3 497.3 400.2 
387.6 52.3 389.7 125.2 
568.8 259.9 579.2 397.4 
-568.8 -259.9 -579.2 -397.4 
636.8 261.3 645.2 348.8 
-568.8 -259.9 -579.2 -397.4 
648.6 367.6 653.5 400.9 
559.8 156.5 568.8 217.6 
054303.jpg 2
443.1 278.0 416.0 404.4 
393.8 274.5 309.1 326.6 
516.7 316.2 484.1 405.7 
-393.8 -274.5 -309.1 -326.6 
-516.7 -316.2 -484.1 -405.7 
473.7 153.0 437.6 232.9 
158.5 153.0 130.0 391.2 
222.3 223.8 275.8 360.6 
-158.5 -153.0 -130.0 -391.2 
311.9 371.0 394.5 307.8 
-158.5 -153.0 -130.0 -391.2 
232.1 35.7 234.8 146.8 
054316.jpg 2
163.3 140.5 152.2 380.7 
247.3 242.6 292.5 335.6 
-163.3 -140.5 -152.2 -380.7 
313.3 349.5 404.2 302.3 
-163.3 -140.5 -152.2 -380.7 
257.0 30.8 236.9 128.7 
442.4 278.0 416.7 401.6 
379.2 268.3 296.6 292.6 
519.5 305.8 490.3 402.3 
-379.2 -268.3 -296.6 -292.6 
472.3 402.3 432.0 322.4 
466.0 154.4 447.3 228.7 
056509.jpg 1
405.6 84.3 406.3 164.1 
379.2 84.3 355.6 112.7 
441.7 87.1 457.0 122.5 
351.5 117.6 336.2 137.7 
459.1 127.3 477.8 148.1 
405.6 53.0 407.7 80.1 
058302.jpg 1
492.4 203.7 488.9 388.4 
443.1 235.6 430.6 339.8 
595.2 230.8 622.3 376.6 
429.9 348.1 404.2 389.8 
613.9 389.8 536.9 352.3 
477.1 65.5 474.4 155.1 
058451.jpg 1
436.2 181.5 457.0 348.8 
359.8 200.9 373.0 326.6 
-479.9 -306.5 -526.4 -347.4 
-359.8 -200.9 -373.0 -326.6 
479.9 306.5 526.4 347.4 
454.2 65.5 454.2 146.1 
058460.jpg 1
446.6 191.9 456.3 355.1 
368.8 201.6 342.4 319.6 
-468.8 -291.2 -507.7 -307.8 
-368.8 -201.6 -342.4 -319.6 
468.8 291.2 507.7 307.8 
445.2 65.5 464.6 151.6 
058473.jpg 1
436.9 198.1 453.5 350.2 
352.9 203.7 335.5 303.7 
498.7 189.8 497.3 278.7 
-352.9 -203.7 -335.5 -303.7 
495.9 305.1 520.9 348.8 
439.7 64.1 450.1 144.7 
058481.jpg 1
436.2 195.4 452.1 353.0 
350.1 207.9 339.7 323.8 
-488.3 -317.6 -524.4 -362.7 
-350.1 -207.9 -339.7 -323.8 
488.3 317.6 524.4 362.7 
448.7 68.3 454.9 149.5 
058602.jpg 1
460.5 191.9 476.4 348.1 
378.6 203.0 365.4 345.3 
-504.9 -305.1 -533.4 -344.6 
-378.6 -203.0 -365.4 -345.3 
504.9 305.1 533.4 344.6 
484.8 82.9 470.9 153.0 
058614.jpg 1
479.9 196.1 488.3 345.3 
395.9 200.9 381.3 323.8 
-522.3 -300.2 -545.9 -345.3 
-395.9 -200.9 -381.3 -323.8 
522.3 300.2 545.9 345.3 
506.3 79.4 489.6 153.7 
058621.jpg 1
444.5 191.2 448.7 350.2 
363.3 204.4 349.4 296.7 
-481.3 -305.8 -504.9 -343.9 
-363.3 -204.4 -349.4 -296.7 
481.3 305.8 504.9 343.9 
479.2 86.4 463.3 156.5 
059406.jpg 1
367.4 190.5 376.5 324.5 
320.9 194.0 313.3 269.0 
425.8 173.1 445.9 268.3 
-320.9 -194.0 -313.3 -269.0 
-425.8 -173.1 -445.9 -268.3 
364.7 93.3 359.8 150.2 
059539.jpg 0
059653.jpg 1
682.7 154.4 679.9 203.0 
663.9 160.0 661.8 191.9 
709.7 160.6 710.4 193.3 
659.7 196.8 656.3 221.1 
711.8 200.2 709.0 221.1 
680.6 122.5 677.8 141.2 
059691.jpg 3
506.3 148.1 504.2 204.4 
483.4 150.9 478.5 187.7 
533.4 154.4 532.7 189.1 
477.1 192.6 473.7 221.7 
533.4 197.4 533.4 225.9 
502.1 108.6 500.8 130.8 
333.4 120.4 334.8 236.3 
286.9 118.3 277.2 187.0 
276.5 191.2 280.0 238.4 
-286.9 -118.3 -277.2 -187.0 
350.1 187.0 361.2 223.1 
353.6 61.4 348.7 105.8 
520.2 328.0 521.6 400.9 
481.3 326.6 491.7 393.2 
548.0 322.4 595.2 358.5 
502.1 399.5 557.7 374.5 
607.0 368.2 601.4 337.0 
545.9 259.2 547.3 307.8 
059817.jpg 1
569.5 199.5 570.2 312.0 
523.7 213.4 507.7 273.8 
622.3 210.6 628.5 276.6 
504.9 283.5 495.9 328.0 
634.1 284.9 611.1 293.3 
572.3 123.8 564.6 169.0 
