003333
003474
003707
003909
003964
004372
004429
004522
006472
006484
007588
007617
008755
008909
009041
009110
009410
011241
011260
011344
011406
011634
011708
011726
011777
012051
012150
012280
012314
012446
012501
012517
012628
013030
013200
013255
013388
013793
013884
013964
016191
017827
018160
020383
020502
023442
024521
024655
024658
024668
024671
024939
024984
025049
026166
026237
026735
028334
028562
028642
028820
028824
028850
029361
029405
034131
034372
034392
034547
034794
037176
037213
038300
038317
038594
041241
044748
044849
045153
045171
045428
045770
045914
045973
046098
047206
048101
048118
048197
048656
048915
048937
049125
049630
049956
049990
050444
050614
050802
050840
050859
050879
052174
052844
053007
053118
053192
053196
053638
053679
053855
054843
055027
055295
055529
055620
057448
057788
057824
057886
058168
058254
058367
058597
059772
060303
060305
060322
060373
060572
060643
061718
063939
064145
064253
064381
065515
065559
065579
065616
065741
065840
066060
066490
066554
066743
066871
067024
067662
067721
067744
068006
069617
070729
071024
071028
074314
074395
076831
080252
080534
080545
080722
081133
081936
082132
082357
082413
082596
084516
085524
085587
086979
087242
087478
087743
089701
089709
090406
090588
093044
093102
093181
093318
093330
093355
093453
093458
096492
096516
096645
099491
103724
103773
103798
103886
105269
105286
105456
106126
106221
106333
106435
106470
106999
107123
107826
107995
108468
108544
108734
108744
109400
109480
110237
110289
110304
110421
111675
111771
111973
112041
113522
116067
116115
116872
118043
118823
128354
128365
128481
128625
128723
128727
130454
130678
130835
130852
132719
135418
135543
135551
135882
136032
136728
136741
136778
136803
137832
137837
137920
138233
138421
138494
138588
138659
141608
141773
141807
141981
141994
142001
142089
142180
142539
142566
142745
142976
143004
143141
143248
143555
143567
143756
143792
143798
143809
144053
144207
146521
146523
147779
156153
156579
156731
160441
161498
161713
163358
163553
173305
175507
183116
183740
183760
183972
