000268.jpg 1
302.2 282.8 303.6 400.2 
138.3 278.0 111.2 397.4 
409.8 271.7 442.4 399.5 
-138.3 -278.0 -111.2 -397.4 
-409.8 -271.7 -442.4 -399.5 
320.9 88.4 310.5 245.4 
001570.jpg 4
447.3 197.4 442.4 290.5 
404.9 200.2 389.7 268.3 
482.7 208.6 495.9 275.9 
394.5 269.7 449.4 280.8 
497.3 280.1 541.7 298.8 
448.0 139.1 443.8 179.4 
264.7 110.7 273.0 174.5 
220.9 106.5 191.1 155.1 
298.0 101.6 347.3 110.7 
-220.9 -106.5 -191.1 -155.1 
354.3 112.0 385.5 116.9 
273.7 68.3 268.9 101.6 
205.0 210.6 193.9 269.7 
167.5 216.2 156.4 282.8 
244.6 211.3 250.8 268.3 
155.7 281.5 143.9 253.0 
-244.6 -211.3 -250.8 -268.3 
198.0 161.3 202.9 200.2 
481.3 121.8 482.0 175.2 
447.3 114.8 409.8 160.6 
527.8 125.2 566.0 153.7 
-447.3 -114.8 -409.8 -160.6 
-527.8 -125.2 -566.0 -153.7 
491.7 66.9 486.9 109.3 
002357.jpg 1
367.4 165.5 378.6 273.1 
300.8 143.3 257.7 221.1 
449.4 135.0 418.8 260.6 
253.6 237.0 220.2 370.3 
416.7 269.7 389.0 377.3 
334.8 98.2 355.6 164.8 
002470.jpg 1
386.9 163.4 354.9 266.2 
-386.9 -163.4 -354.9 -266.2 
484.1 166.9 504.2 240.5 
-386.9 -163.4 -354.9 -266.2 
496.6 250.9 443.8 155.1 
388.3 58.6 394.5 151.6 
002614.jpg 2
407.0 159.3 427.8 266.9 
-258.4 -218.3 -231.4 -234.9 
491.7 156.5 592.4 166.2 
258.4 218.3 231.4 234.9 
600.7 164.1 682.7 168.3 
411.2 78.0 400.1 146.1 
284.8 289.1 266.1 401.6 
216.1 287.7 175.8 398.8 
359.1 301.6 359.1 401.6 
-216.1 -287.7 -175.8 -398.8 
-359.1 -301.6 -359.1 -401.6 
283.4 183.6 280.0 267.6 
002829.jpg 0
002830.jpg 0
002838.jpg 0
002907.jpg 0
003413.jpg 2
389.7 153.0 402.9 278.0 
-389.7 -153.0 -402.9 -278.0 
475.8 154.4 455.6 240.5 
-389.7 -153.0 -402.9 -278.0 
448.0 248.8 397.3 276.6 
412.6 53.7 417.4 129.4 
291.1 285.6 283.4 402.3 
215.4 295.3 198.7 393.2 
371.6 303.0 313.3 388.4 
-215.4 -295.3 -198.7 -393.2 
-371.6 -303.0 -313.3 -388.4 
283.4 178.7 302.9 255.8 
003515.jpg 2
407.7 156.5 396.6 275.9 
326.5 146.1 281.3 214.8 
484.8 155.1 486.2 253.0 
279.3 219.7 236.2 233.5 
484.8 255.1 429.9 282.2 
454.2 84.3 424.4 148.1 
315.4 289.1 275.1 393.9 
229.3 275.9 205.0 376.6 
380.6 309.9 319.5 393.2 
-229.3 -275.9 -205.0 -376.6 
-380.6 -309.9 -319.5 -393.2 
395.2 211.3 350.1 271.0 
003684.jpg 2
390.4 150.2 369.5 268.3 
-238.3 -216.9 -241.8 -243.3 
481.3 157.9 450.8 247.4 
238.3 216.9 241.8 243.3 
450.1 250.9 398.7 278.0 
386.2 62.7 405.6 130.8 
283.4 289.1 271.6 398.8 
218.2 287.7 195.3 389.1 
375.8 305.8 324.4 387.0 
-218.2 -287.7 -195.3 -389.1 
-375.8 -305.8 -324.4 -387.0 
287.6 174.5 301.5 250.9 
006417.jpg 1
358.4 139.8 364.0 228.7 
328.6 148.1 321.6 182.9 
391.0 144.7 392.4 175.2 
320.9 184.3 302.2 210.6 
394.5 182.2 409.1 205.1 
354.9 97.5 357.0 128.7 
006423.jpg 1
354.9 149.5 360.5 238.4 
325.1 147.5 323.0 175.2 
385.5 150.2 393.1 174.5 
322.3 180.1 305.6 205.8 
395.2 182.9 405.6 201.6 
354.3 95.4 354.3 130.8 
006769.jpg 2
215.4 157.9 217.5 263.4 
178.6 154.4 152.2 223.8 
255.7 164.8 275.1 234.2 
150.1 230.1 146.0 287.0 
270.9 241.9 254.3 204.4 
232.7 91.9 238.3 130.8 
510.5 186.3 523.7 322.4 
452.8 182.2 433.4 283.5 
570.2 193.3 573.7 294.0 
438.3 286.3 516.0 307.8 
575.7 301.6 582.0 377.3 
496.6 98.2 498.0 162.0 
006817.jpg 4
203.6 149.5 203.6 274.5 
162.6 162.7 141.1 246.7 
251.5 169.0 263.3 241.2 
139.0 254.4 119.6 318.3 
263.3 248.1 266.8 310.6 
207.1 87.7 206.4 137.7 
413.3 143.3 402.2 276.6 
352.2 142.6 336.9 207.9 
-413.3 -143.3 -402.2 -276.6 
338.3 216.9 340.4 284.2 
-413.3 -143.3 -402.2 -276.6 
409.1 74.6 410.5 125.9 
513.9 188.4 516.7 302.3 
458.4 184.3 441.7 280.8 
558.4 203.0 553.5 280.1 
445.2 285.6 541.0 312.7 
-558.4 -203.0 -553.5 -280.1 
533.4 110.0 529.9 171.8 
259.1 156.5 275.1 228.7 
-259.1 -156.5 -275.1 -228.7 
285.5 158.6 290.4 212.7 
-259.1 -156.5 -275.1 -228.7 
292.5 216.2 304.3 249.5 
252.9 108.6 263.3 147.5 
006821.jpg 4
200.8 154.4 200.1 263.4 
157.1 157.9 134.8 241.2 
247.3 164.8 258.4 241.9 
134.8 246.0 122.4 312.0 
258.4 246.0 266.8 302.3 
205.7 89.8 202.2 136.3 
404.2 152.3 402.2 280.1 
343.1 150.9 331.3 218.3 
-404.2 -152.3 -402.2 -280.1 
331.3 225.9 334.1 285.6 
-404.2 -152.3 -402.2 -280.1 
384.8 77.3 390.4 125.9 
518.8 194.0 516.7 314.1 
465.3 189.1 445.2 271.0 
567.4 206.5 564.6 299.5 
444.5 278.7 519.5 310.6 
561.9 306.5 566.0 365.5 
505.6 112.0 507.7 171.1 
260.5 157.2 270.2 250.9 
-260.5 -157.2 -270.2 -250.9 
278.6 155.1 284.8 203.7 
-260.5 -157.2 -270.2 -250.9 
286.2 209.2 290.4 237.7 
248.7 103.7 255.7 139.8 
006833.jpg 4
193.2 160.6 201.5 274.5 
147.3 162.0 157.1 242.6 
237.6 166.9 247.3 232.2 
159.1 250.2 181.4 323.8 
250.1 238.4 250.8 295.3 
213.3 88.4 216.8 131.5 
360.5 138.4 371.6 272.4 
323.7 137.7 319.5 200.2 
319.5 206.5 318.8 257.9 
420.9 128.0 437.6 205.8 
439.7 214.1 440.3 278.7 
317.5 73.9 330.6 117.6 
522.3 190.5 521.6 309.2 
482.7 185.6 460.5 258.5 
577.8 200.9 586.2 285.6 
460.5 266.9 500.1 295.3 
585.5 296.0 588.9 357.8 
488.9 119.0 488.9 169.0 
270.2 161.3 268.2 243.3 
-270.2 -161.3 -268.2 -243.3 
301.5 164.1 300.8 212.7 
-270.2 -161.3 -268.2 -243.3 
302.2 218.3 313.3 249.5 
267.5 102.3 283.4 136.3 
006853.jpg 4
275.1 168.3 277.2 257.9 
238.3 167.6 234.8 221.7 
308.4 167.6 308.4 221.1 
233.4 226.6 225.1 264.8 
306.3 225.2 320.9 255.1 
273.7 104.4 280.0 142.6 
161.2 168.3 171.0 271.7 
117.5 171.8 116.8 253.0 
-161.2 -168.3 -171.0 -271.7 
115.4 262.0 118.9 334.9 
-161.2 -168.3 -171.0 -271.7 
166.8 91.2 171.6 132.9 
498.7 191.2 497.3 323.8 
473.7 182.9 448.0 256.5 
550.7 198.8 552.1 284.2 
448.7 264.1 470.9 289.8 
554.9 293.3 559.1 353.0 
482.7 114.1 484.8 169.7 
418.8 146.8 406.3 275.2 
371.6 139.1 359.1 207.2 
-418.8 -146.8 -406.3 -275.2 
361.2 213.4 352.9 264.8 
-418.8 -146.8 -406.3 -275.2 
393.8 70.4 398.0 128.7 
007034.jpg 3
480.6 185.6 476.4 339.8 
425.8 187.7 400.8 271.7 
541.7 206.5 545.2 297.4 
404.2 275.9 447.3 314.8 
545.2 306.5 556.3 381.4 
475.1 98.9 475.1 161.3 
386.9 150.9 384.8 293.3 
330.0 156.5 320.2 234.9 
-386.9 -150.9 -384.8 -293.3 
318.8 241.9 316.1 297.4 
-386.9 -150.9 -384.8 -293.3 
390.4 64.8 383.4 121.1 
280.7 168.3 291.1 282.2 
238.3 186.3 241.8 261.3 
-280.7 -168.3 -291.1 -282.2 
241.1 270.3 250.8 328.0 
-280.7 -168.3 -291.1 -282.2 
278.6 107.2 282.7 150.9 
007221.jpg 1
413.3 169.7 416.7 339.1 
360.5 168.3 335.5 271.7 
478.5 173.8 423.0 277.3 
338.3 278.0 387.6 332.8 
407.0 290.5 320.2 329.4 
447.3 58.6 448.7 144.7 
007241.jpg 1
380.6 221.1 386.2 398.1 
309.8 214.1 274.4 342.6 
473.7 233.5 470.9 363.4 
275.1 352.3 344.5 398.8 
-473.7 -233.5 -470.9 -363.4 
368.1 78.0 365.4 173.1 
007303.jpg 4
264.0 135.0 268.9 192.6 
240.4 139.8 234.1 177.3 
286.9 141.9 290.4 174.5 
235.5 179.4 259.8 184.9 
290.4 178.7 295.9 205.8 
267.5 105.8 267.5 129.4 
322.3 132.9 325.8 172.5 
306.3 136.3 305.0 173.1 
340.4 134.3 341.1 164.1 
304.3 177.3 303.6 196.8 
340.4 169.0 344.5 187.7 
320.9 110.0 320.9 125.9 
477.1 127.3 482.0 176.6 
460.5 129.4 455.6 156.5 
500.1 125.9 503.5 153.0 
456.3 162.0 455.6 184.3 
503.5 155.8 502.1 175.2 
472.3 102.3 473.7 121.1 
366.7 121.8 369.5 166.2 
350.1 127.3 348.7 148.8 
-366.7 -121.8 -369.5 -166.2 
349.4 155.8 350.1 169.7 
-366.7 -121.8 -369.5 -166.2 
367.4 100.2 365.4 114.1 
007463.jpg 1
345.2 124.5 350.8 241.2 
312.6 122.5 301.5 195.4 
395.2 127.3 400.8 203.7 
298.7 205.8 330.6 229.4 
402.9 212.0 406.3 275.2 
337.6 46.1 333.4 97.5 
007543.jpg 1
353.6 152.3 364.7 275.9 
284.8 169.0 272.3 243.3 
409.1 161.3 418.8 234.2 
270.2 249.5 241.8 312.0 
419.5 239.1 429.2 273.1 
353.6 80.1 358.4 132.9 
007568.jpg 3
484.8 125.9 477.8 290.5 
426.5 136.3 405.6 223.1 
541.0 139.1 556.3 227.3 
402.9 230.1 389.7 297.4 
558.4 235.6 572.3 294.6 
484.8 56.5 485.5 103.0 
707.7 180.1 693.8 271.0 
673.6 176.6 661.8 234.9 
-707.7 -180.1 -693.8 -271.0 
661.1 242.6 670.9 296.0 
-707.7 -180.1 -693.8 -271.0 
707.7 116.9 704.9 154.4 
181.4 180.8 187.6 393.2 
83.5 205.1 85.6 390.5 
284.8 207.2 298.0 389.8 
-83.5 -205.1 -85.6 -390.5 
-284.8 -207.2 -298.0 -389.8 
190.4 29.4 184.1 135.0 
007570.jpg 3
494.5 128.7 487.6 291.2 
434.1 135.7 412.6 214.8 
547.3 142.6 559.1 219.0 
411.9 222.4 398.0 291.9 
560.5 226.6 574.3 287.7 
489.6 53.0 487.6 102.3 
709.7 176.6 698.6 270.3 
673.6 177.3 661.8 233.5 
-709.7 -176.6 -698.6 -270.3 
663.2 240.5 672.2 295.3 
-709.7 -176.6 -698.6 -270.3 
711.1 115.5 706.3 154.4 
181.4 169.0 189.7 384.9 
92.5 200.9 92.5 378.7 
288.3 198.1 294.5 366.2 
-92.5 -200.9 -92.5 -378.7 
-288.3 -198.1 -294.5 -366.2 
191.1 32.2 185.5 134.3 
007779.jpg 4
309.8 109.3 319.5 269.0 
253.6 125.9 243.2 204.4 
359.8 119.0 368.8 198.8 
241.8 212.0 252.2 294.0 
368.8 205.1 368.8 271.7 
314.7 41.2 318.1 89.1 
441.0 140.5 445.2 296.0 
405.6 151.6 398.7 226.6 
503.5 132.9 528.5 221.7 
396.6 234.2 401.5 257.2 
527.8 230.1 454.9 256.5 
411.2 57.2 414.7 117.6 
567.4 150.9 561.9 238.4 
-567.4 -150.9 -561.9 -238.4 
606.3 151.6 604.2 218.3 
-567.4 -150.9 -561.9 -238.4 
602.8 225.2 580.6 263.4 
563.9 94.0 562.5 126.6 
110.5 159.3 132.8 380.0 
-110.5 -159.3 -132.8 -380.0 
201.5 174.5 223.7 314.8 
-110.5 -159.3 -132.8 -380.0 
223.7 322.4 238.3 392.5 
106.4 25.3 100.8 114.8 
007834.jpg 3
320.2 115.5 325.1 273.8 
262.6 124.5 252.2 208.6 
370.2 121.8 376.5 202.3 
251.5 212.7 258.4 286.3 
375.8 209.2 376.5 273.1 
316.8 46.8 316.8 94.0 
459.8 149.5 466.0 311.3 
415.4 152.3 414.0 239.8 
532.0 147.5 565.3 232.2 
415.4 244.7 382.7 291.9 
563.9 240.5 559.8 306.5 
422.3 63.4 428.5 123.8 
97.4 171.8 109.2 378.7 
-97.4 -171.8 -109.2 -378.7 
168.9 180.8 198.7 302.3 
-97.4 -171.8 -109.2 -378.7 
198.0 310.6 218.2 388.4 
108.5 33.6 100.8 117.6 
007843.jpg 4
456.3 154.4 461.2 303.0 
412.6 153.7 404.9 235.6 
531.3 144.7 557.0 232.9 
404.9 241.2 367.4 282.8 
557.7 239.8 557.7 289.8 
414.7 69.7 428.5 134.3 
319.5 116.2 323.0 262.0 
261.2 128.0 254.3 219.0 
369.5 120.4 382.0 204.4 
254.3 226.6 260.5 296.0 
382.0 209.2 381.3 287.0 
316.8 46.8 320.9 91.9 
99.4 163.4 121.0 378.0 
-99.4 -163.4 -121.0 -378.0 
161.2 179.4 197.3 310.6 
-99.4 -163.4 -121.0 -378.0 
198.0 317.6 217.5 382.8 
107.8 33.6 106.4 121.8 
201.5 189.1 217.5 291.9 
-201.5 -189.1 -217.5 -291.9 
225.1 191.2 230.0 254.4 
-201.5 -189.1 -217.5 -291.9 
233.4 259.2 241.1 311.3 
195.3 109.3 209.1 153.0 
007846.jpg 4
454.9 148.8 463.3 303.0 
411.2 154.4 402.9 234.2 
527.1 145.4 555.6 234.9 
402.9 244.0 375.1 292.6 
556.3 241.9 548.0 307.8 
414.0 68.3 425.1 125.2 
320.9 113.4 328.6 264.8 
261.2 125.9 253.6 205.8 
371.6 125.2 379.9 200.2 
252.2 215.5 259.1 294.6 
382.7 205.1 381.3 274.5 
318.1 44.7 320.9 92.6 
197.3 187.0 216.8 298.1 
-197.3 -187.0 -216.8 -298.1 
223.7 187.0 231.4 248.1 
-197.3 -187.0 -216.8 -298.1 
232.1 253.7 241.1 309.9 
207.8 110.0 216.1 151.6 
93.2 166.9 111.2 381.4 
-93.2 -166.9 -111.2 -381.4 
166.8 182.9 195.3 308.5 
-93.2 -166.9 -111.2 -381.4 
196.6 316.2 216.8 382.8 
122.4 29.4 137.6 121.1 
007983.jpg 1
255.0 205.8 272.3 389.8 
164.0 217.6 171.0 354.4 
343.8 214.8 348.0 337.7 
-164.0 -217.6 -171.0 -354.4 
-343.8 -214.8 -348.0 -337.7 
234.8 87.1 229.3 164.8 
008006.jpg 1
343.1 132.9 344.5 251.6 
295.9 139.1 277.9 221.7 
381.3 135.7 431.3 144.7 
282.7 221.7 327.9 234.9 
436.2 148.8 446.6 116.9 
339.0 57.2 342.4 109.3 
008017.jpg 1
345.9 135.0 349.4 255.8 
308.4 141.2 291.8 221.1 
400.1 141.2 443.8 160.0 
295.2 224.5 332.7 238.4 
452.1 162.7 453.5 125.2 
346.6 55.8 354.9 112.0 
008266.jpg 0
008271.jpg 0
008498.jpg 2
251.5 182.2 228.6 285.6 
209.8 176.6 221.6 256.5 
277.2 171.8 291.8 243.3 
225.1 258.5 275.1 249.5 
293.2 248.1 305.6 291.9 
250.1 110.7 259.1 157.2 
348.0 180.1 352.9 310.6 
-348.0 -180.1 -352.9 -310.6 
391.0 191.2 388.3 275.9 
-348.0 -180.1 -352.9 -310.6 
386.2 282.2 320.2 303.0 
334.8 111.4 339.0 160.0 
008735.jpg 1
391.7 200.9 397.3 396.0 
299.4 211.3 299.4 318.3 
487.6 209.9 480.6 329.4 
-299.4 -211.3 -299.4 -318.3 
-487.6 -209.9 -480.6 -329.4 
391.0 83.6 377.9 172.5 
009015.jpg 3
255.0 142.6 261.2 277.3 
197.3 146.1 196.6 221.7 
291.1 143.3 301.5 204.4 
195.9 230.1 250.8 239.1 
303.6 204.4 312.6 237.0 
278.6 70.4 264.7 121.8 
373.7 171.8 367.4 245.4 
335.5 169.7 332.0 232.9 
404.2 162.0 407.7 221.1 
332.7 241.2 327.9 285.6 
-404.2 -162.0 -407.7 -221.1 
366.1 108.6 367.4 147.5 
534.8 140.5 529.9 283.5 
493.1 155.1 491.0 261.3 
479.9 264.1 437.6 250.9 
-493.1 -155.1 -491.0 -261.3 
-479.9 -264.1 -437.6 -250.9 
495.9 42.6 489.6 116.9 
009112.jpg 1
429.2 162.0 419.5 331.4 
370.9 169.7 366.7 247.4 
502.8 167.6 511.2 249.5 
358.4 258.5 376.5 269.0 
516.0 257.2 460.5 282.2 
416.0 89.1 420.9 139.8 
009255.jpg 1
366.1 232.9 367.4 398.8 
267.5 230.8 229.3 380.7 
443.8 250.9 443.1 375.9 
-267.5 -230.8 -229.3 -380.7 
-443.8 -250.9 -443.1 -375.9 
353.6 96.1 382.7 194.7 
009273.jpg 0
010419.jpg 3
544.5 138.4 538.9 233.5 
507.7 143.3 498.7 200.9 
592.4 146.1 595.2 201.6 
495.2 204.4 491.7 217.6 
598.6 209.9 566.0 221.7 
528.5 82.2 527.1 121.1 
315.4 175.9 312.6 261.3 
335.5 178.0 336.2 262.0 
-315.4 -175.9 -312.6 -261.3 
339.0 269.0 350.8 324.5 
-315.4 -175.9 -312.6 -261.3 
348.7 99.5 352.9 144.7 
158.5 164.8 163.3 349.5 
-158.5 -164.8 -163.3 -349.5 
220.2 184.3 248.0 269.0 
-158.5 -164.8 -163.3 -349.5 
249.4 277.3 250.1 348.1 
164.0 57.9 164.7 123.8 
010667.jpg 3
207.1 221.1 216.8 343.9 
151.5 223.1 152.2 322.4 
255.7 224.5 258.4 300.2 
154.3 328.0 182.1 375.9 
259.8 312.7 248.0 373.8 
216.8 139.1 212.6 189.8 
355.6 240.5 355.6 374.5 
299.4 243.3 289.7 332.8 
-350.1 -149.5 -353.6 -206.5 
287.6 348.8 284.1 400.9 
350.1 149.5 353.6 206.5 
-355.6 -240.5 -355.6 -374.5 
502.1 153.0 509.8 368.9 
420.2 170.4 411.2 294.6 
586.2 153.7 602.8 276.6 
411.9 303.7 407.0 398.8 
603.5 284.9 603.5 357.1 
493.1 58.6 505.6 127.3 
010687.jpg 3
212.6 224.5 213.3 346.7 
155.7 225.2 155.7 314.1 
258.4 228.7 264.0 303.7 
156.4 323.1 189.7 382.8 
264.0 312.7 246.6 378.7 
210.5 137.7 209.1 190.5 
357.7 237.0 361.9 384.9 
297.3 239.8 286.2 334.2 
-357.7 -237.0 -361.9 -384.9 
285.5 344.6 284.1 400.2 
-357.7 -237.0 -361.9 -384.9 
351.5 146.8 350.8 207.2 
498.7 156.5 503.5 379.4 
423.7 173.1 412.6 292.6 
585.5 160.0 602.1 282.8 
411.2 301.6 404.9 395.3 
602.1 291.9 597.3 359.2 
487.6 73.9 493.1 135.7 
010850.jpg 3
191.1 224.5 203.6 341.9 
140.4 230.1 146.0 313.4 
227.9 221.1 241.8 307.8 
148.0 318.9 182.8 378.7 
242.5 312.7 237.6 372.4 
192.5 139.1 191.1 193.3 
350.1 236.3 349.4 372.4 
291.8 235.6 286.2 335.6 
-350.1 -236.3 -349.4 -372.4 
284.8 341.9 306.3 398.1 
-350.1 -236.3 -349.4 -372.4 
322.3 144.0 330.0 202.3 
498.7 150.9 505.6 364.1 
419.5 167.6 410.5 277.3 
581.3 154.4 596.6 269.0 
410.5 286.3 405.6 396.7 
600.0 277.3 606.3 323.8 
483.4 60.0 491.7 124.5 
010863.jpg 3
188.3 219.0 199.4 339.1 
138.3 230.8 146.7 311.3 
220.9 214.8 239.7 295.3 
148.7 319.6 189.7 383.5 
239.7 302.3 239.0 371.7 
193.2 137.7 193.2 187.0 
351.5 232.2 350.1 357.8 
293.2 236.3 287.6 325.2 
-351.5 -232.2 -350.1 -357.8 
284.8 338.4 307.0 391.9 
-351.5 -232.2 -350.1 -357.8 
325.8 141.2 333.4 200.9 
498.7 153.0 501.4 345.3 
421.6 164.1 411.9 278.7 
575.0 153.0 598.6 268.3 
411.9 289.1 405.6 392.5 
599.3 276.6 604.9 334.2 
452.8 71.8 468.1 131.5 
010876.jpg 3
185.5 220.4 200.8 343.9 
134.2 228.7 143.9 318.9 
225.1 220.4 243.9 309.2 
143.9 325.9 173.7 379.4 
240.4 314.1 235.5 371.0 
183.5 135.0 182.1 187.7 
349.4 228.7 350.8 370.3 
292.5 234.2 279.3 323.8 
-349.4 -228.7 -350.8 -370.3 
277.9 336.3 305.6 395.3 
-349.4 -228.7 -350.8 -370.3 
332.0 141.9 336.9 203.0 
493.8 148.8 494.5 364.8 
415.4 168.3 404.9 291.2 
585.5 161.3 593.8 273.1 
404.9 304.4 399.4 394.6 
-585.5 -161.3 -593.8 -273.1 
464.6 57.9 467.4 123.2 
010899.jpg 1
345.9 87.1 347.3 177.3 
305.0 85.0 292.5 138.4 
381.3 91.9 387.6 137.0 
293.2 144.7 332.7 149.5 
389.7 146.8 368.8 150.2 
345.2 30.1 339.7 69.0 
010916.jpg 1
353.6 93.3 351.5 177.3 
314.7 91.9 300.1 139.1 
390.4 98.2 398.0 142.6 
301.5 150.2 336.9 148.8 
403.5 151.6 371.6 157.2 
356.3 41.9 350.8 77.3 
010974.jpg 1
348.0 115.5 346.6 214.1 
306.3 119.7 291.1 176.6 
395.2 120.4 406.3 171.1 
291.8 186.3 332.7 184.9 
407.0 180.8 375.1 183.6 
349.4 51.6 345.2 93.3 
011010.jpg 1
350.8 140.5 361.9 273.1 
298.7 155.1 278.6 225.9 
409.8 140.5 432.0 208.6 
279.3 241.9 333.4 225.9 
436.9 220.4 388.3 228.0 
344.5 66.2 345.9 119.0 
011065.jpg 1
411.2 175.9 436.9 380.0 
320.9 196.1 298.0 307.8 
497.3 172.5 519.5 285.6 
298.0 323.1 395.2 330.8 
525.7 298.8 466.0 329.4 
398.7 64.1 398.0 151.6 
011345.jpg 1
475.8 200.9 482.0 389.8 
-475.8 -200.9 -482.0 -389.8 
561.2 192.6 595.9 310.6 
-475.8 -200.9 -482.0 -389.8 
594.5 314.1 490.3 309.9 
428.5 64.8 436.9 161.3 
011370.jpg 1
461.9 265.5 482.7 398.1 
359.8 287.7 347.3 402.3 
579.2 244.7 652.8 382.8 
-359.8 -287.7 -347.3 -402.3 
-579.2 -244.7 -652.8 -382.8 
375.1 152.3 414.7 252.3 
011386.jpg 1
456.3 216.9 485.5 398.8 
-456.3 -216.9 -485.5 -398.8 
552.8 201.6 675.7 300.2 
-456.3 -216.9 -485.5 -398.8 
676.4 309.9 591.7 355.7 
384.8 89.1 414.7 196.1 
012541.jpg 2
199.4 167.6 185.5 276.6 
150.1 170.4 137.6 234.9 
243.9 162.7 232.1 235.6 
145.3 279.4 170.3 292.6 
232.1 241.9 226.5 282.8 
207.1 86.4 209.1 134.3 
533.4 158.6 531.3 307.8 
-533.4 -158.6 -531.3 -307.8 
539.6 166.2 525.7 247.4 
-533.4 -158.6 -531.3 -307.8 
516.7 251.6 462.6 252.3 
495.9 78.7 487.6 134.3 
012679.jpg 1
369.5 194.0 358.4 373.1 
292.5 221.1 294.5 348.1 
461.2 216.2 468.8 334.9 
-292.5 -221.1 -294.5 -348.1 
468.8 345.3 434.1 384.2 
373.0 55.8 357.7 150.2 
012689.jpg 1
386.2 191.9 363.3 380.7 
305.0 217.6 302.2 348.8 
481.3 214.1 488.9 334.2 
-305.0 -217.6 -302.2 -348.8 
495.2 341.2 467.4 379.4 
375.8 62.1 370.9 160.0 
012799.jpg 1
309.8 197.4 343.8 390.5 
250.8 241.2 261.2 358.5 
392.4 190.5 419.5 304.4 
-250.8 -241.2 -261.2 -358.5 
427.8 315.5 393.1 351.6 
285.5 73.2 301.5 163.4 
012802.jpg 1
312.6 199.5 339.0 383.5 
246.6 237.0 261.2 353.7 
395.9 187.0 422.3 301.6 
-246.6 -237.0 -261.2 -353.7 
432.0 309.9 398.0 350.2 
286.2 77.3 300.8 169.7 
012960.jpg 1
321.6 188.4 331.3 382.1 
255.0 231.5 261.2 336.3 
407.0 187.7 427.2 298.1 
-255.0 -231.5 -261.2 -336.3 
444.5 318.9 393.1 354.4 
290.4 66.9 295.9 164.1 
012961.jpg 1
322.3 190.5 334.8 372.4 
260.5 223.8 264.0 344.6 
407.0 182.2 429.2 298.8 
-260.5 -223.8 -264.0 -344.6 
440.3 315.5 391.0 353.7 
297.3 65.5 299.4 160.0 
012998.jpg 1
367.4 187.0 351.5 382.8 
293.8 208.6 289.0 334.9 
459.8 197.4 478.5 321.0 
-293.8 -208.6 -289.0 -334.9 
486.2 328.0 459.1 373.8 
358.4 53.7 358.4 152.3 
013515.jpg 1
320.2 183.6 315.4 377.3 
252.9 184.9 241.1 278.0 
416.0 199.5 454.9 320.3 
240.4 287.7 240.4 329.4 
457.0 328.0 474.4 398.1 
273.0 83.6 299.4 164.8 
013533.jpg 1
289.7 175.9 344.5 386.3 
222.3 209.2 219.6 312.7 
386.2 153.7 452.8 259.2 
219.6 323.1 235.5 358.5 
456.3 267.6 457.7 338.4 
195.3 80.8 230.7 155.8 
014426.jpg 1
413.3 181.5 409.8 350.2 
324.4 209.2 296.6 339.8 
502.1 194.0 503.5 329.4 
-324.4 -209.2 -296.6 -339.8 
504.9 348.1 421.6 393.2 
423.7 50.9 429.9 138.4 
014980.jpg 2
302.2 213.4 308.4 398.8 
175.1 251.6 168.2 387.0 
404.9 227.3 417.4 391.2 
-175.1 -251.6 -168.2 -387.0 
-404.9 -227.3 -417.4 -391.2 
296.6 48.9 314.0 172.5 
527.8 152.3 524.4 236.3 
-527.8 -152.3 -524.4 -236.3 
557.7 157.9 548.7 201.6 
-527.8 -152.3 -524.4 -236.3 
543.1 207.2 507.0 185.6 
520.2 110.7 522.3 136.3 
015279.jpg 1
357.7 146.8 368.1 260.6 
313.3 151.6 314.0 231.5 
418.1 130.1 410.5 221.7 
316.8 237.7 312.6 262.0 
410.5 230.8 402.9 328.0 
357.0 56.5 350.8 116.2 
015663.jpg 0
015713.jpg 2
351.5 170.4 353.6 235.6 
320.2 166.9 310.5 215.5 
377.2 175.9 375.8 214.1 
-320.2 -166.9 -310.5 -215.5 
-377.2 -175.9 -375.8 -214.1 
346.6 115.5 348.0 146.8 
523.0 134.3 524.4 214.1 
482.0 141.2 467.4 185.6 
545.9 135.7 551.4 176.6 
-482.0 -141.2 -467.4 -185.6 
-545.9 -135.7 -551.4 -176.6 
531.3 75.2 537.5 112.7 
015748.jpg 2
536.9 129.4 543.8 220.4 
496.6 140.5 484.1 194.0 
562.5 132.2 568.8 194.0 
486.9 201.6 505.6 235.6 
570.2 200.9 579.2 244.7 
546.6 68.3 552.1 107.2 
207.1 168.3 200.8 232.9 
-207.1 -168.3 -200.8 -232.9 
225.1 163.4 234.1 211.3 
-207.1 -168.3 -200.8 -232.9 
234.1 216.2 225.1 241.9 
209.1 123.2 205.0 151.6 
015805.jpg 3
394.5 139.8 394.5 221.7 
357.0 141.2 349.4 192.6 
426.5 146.1 430.6 197.4 
349.4 200.9 346.6 242.6 
432.7 203.0 430.6 248.8 
402.2 91.2 404.9 117.6 
198.7 166.9 199.4 232.9 
172.3 163.4 164.0 216.9 
225.1 171.1 228.6 214.8 
163.3 223.8 161.9 255.1 
230.0 219.7 223.0 233.5 
195.3 124.5 195.9 155.1 
538.2 128.0 543.1 221.1 
495.2 136.3 484.8 187.7 
563.2 130.8 573.0 185.6 
481.3 196.8 509.1 222.4 
573.7 191.2 580.6 228.7 
532.0 71.1 530.6 106.5 
015936.jpg 3
318.1 213.4 326.5 341.9 
268.9 217.6 259.1 310.6 
354.9 222.4 368.8 298.1 
259.8 321.7 251.5 389.1 
370.9 303.7 368.8 367.6 
331.3 128.7 330.0 182.2 
548.7 224.5 533.4 357.8 
496.6 227.3 478.5 318.3 
602.8 222.4 610.5 312.7 
479.9 324.5 472.3 375.9 
608.4 318.3 566.7 314.1 
529.2 132.2 525.1 182.2 
627.1 173.8 632.7 337.0 
-627.1 -173.8 -632.7 -337.0 
695.9 185.6 695.9 279.4 
-627.1 -173.8 -632.7 -337.0 
694.5 287.0 678.5 381.4 
643.8 80.8 640.3 141.9 
015960.jpg 3
682.0 174.5 686.1 330.1 
605.6 173.1 595.2 277.3 
-682.0 -174.5 -686.1 -330.1 
594.5 285.6 600.0 365.5 
-682.0 -174.5 -686.1 -330.1 
672.2 75.2 674.3 130.1 
497.3 224.5 500.1 374.5 
435.5 230.8 432.0 324.5 
562.5 228.7 563.9 312.7 
433.4 334.2 432.7 395.3 
566.0 321.7 540.3 321.7 
477.1 135.7 477.8 185.6 
306.3 216.9 317.5 354.4 
250.8 229.4 248.0 323.1 
335.5 218.3 351.5 296.0 
248.0 334.2 243.2 396.0 
355.6 309.2 362.6 369.6 
318.1 128.7 321.6 186.3 
015988.jpg 3
295.2 231.5 297.3 368.9 
234.8 238.4 227.2 332.1 
341.1 232.2 354.3 326.6 
225.1 342.6 216.1 393.9 
359.8 330.8 332.7 368.9 
316.1 140.5 310.5 196.8 
484.1 232.2 487.6 382.1 
417.4 234.2 409.1 333.5 
545.2 232.9 555.6 338.4 
410.5 342.6 409.8 400.2 
-545.2 -232.9 -555.6 -338.4 
450.8 139.1 457.7 189.8 
692.4 182.9 696.5 368.2 
609.8 197.4 588.9 298.1 
-692.4 -182.9 -696.5 -368.2 
588.2 308.5 575.7 387.7 
-692.4 -182.9 -696.5 -368.2 
659.1 75.9 654.9 140.5 
016013.jpg 2
271.6 244.0 272.3 389.1 
213.3 240.5 195.3 339.1 
324.4 245.4 329.3 333.5 
195.9 351.6 193.9 398.8 
330.6 341.9 330.6 398.8 
300.8 148.8 288.3 207.9 
500.8 243.3 498.7 403.0 
423.7 235.6 420.2 337.7 
539.6 253.7 553.5 351.6 
-423.7 -235.6 -420.2 -337.7 
-539.6 -253.7 -553.5 -351.6 
497.3 130.8 500.8 197.4 
016299.jpg 2
559.1 144.7 560.5 378.0 
465.3 175.9 443.1 318.9 
644.5 185.6 657.7 327.3 
443.1 327.3 422.3 396.7 
656.3 337.7 650.7 398.8 
560.5 33.6 558.4 102.3 
267.5 167.6 262.6 251.6 
223.0 182.2 220.2 241.9 
-267.5 -167.6 -262.6 -251.6 
219.6 249.5 211.2 298.1 
-267.5 -167.6 -262.6 -251.6 
271.6 103.7 271.6 144.7 
016303.jpg 2
269.5 174.5 266.8 250.9 
221.6 182.2 217.5 248.1 
-269.5 -174.5 -266.8 -250.9 
217.5 255.8 208.4 303.7 
-269.5 -174.5 -266.8 -250.9 
268.9 104.4 272.3 144.0 
552.1 152.3 547.3 382.1 
461.2 176.6 443.8 303.0 
634.8 182.9 654.9 324.5 
441.0 316.2 423.7 400.2 
654.2 332.1 647.3 399.5 
552.1 32.9 548.0 103.0 
016533.jpg 1
229.3 124.5 237.6 254.4 
181.4 141.2 173.0 217.6 
277.9 136.3 298.0 213.4 
174.4 225.9 157.1 258.5 
298.7 217.6 318.8 249.5 
225.8 60.7 227.2 95.4 
016653.jpg 1
535.5 168.3 536.9 377.3 
464.6 198.1 457.7 333.5 
622.9 166.2 623.6 282.8 
459.1 341.2 451.5 396.7 
613.9 280.8 539.6 198.8 
506.3 46.8 511.2 137.0 
017043.jpg 1
407.0 144.0 402.9 246.7 
364.7 155.1 347.3 240.5 
469.5 148.1 476.4 241.9 
346.6 248.1 316.1 289.8 
478.5 250.9 486.9 318.9 
409.8 56.5 411.2 119.0 
017082.jpg 1
348.7 144.0 349.4 246.7 
280.7 153.0 264.7 236.3 
402.2 150.9 412.6 246.7 
264.0 244.0 255.7 302.3 
412.6 253.0 421.6 322.4 
356.3 52.3 352.9 109.3 
017282.jpg 2
161.2 248.1 164.0 387.0 
97.4 256.5 64.7 317.6 
205.7 240.5 218.9 319.6 
60.6 325.2 83.5 374.5 
218.2 325.9 242.5 380.0 
166.8 150.9 164.7 216.9 
491.0 239.1 543.8 393.9 
379.2 252.3 322.3 378.0 
584.8 198.1 668.1 255.8 
-379.2 -252.3 -322.3 -378.0 
-584.8 -198.1 -668.1 -255.8 
453.5 125.9 466.7 219.7 
017290.jpg 1
357.7 250.9 425.8 387.0 
240.4 295.3 208.4 393.9 
451.5 203.7 575.0 267.6 
-240.4 -295.3 -208.4 -393.9 
-451.5 -203.7 -575.0 -267.6 
284.8 144.7 315.4 237.7 
017324.jpg 3
443.8 138.4 460.5 248.8 
419.5 150.2 418.8 200.2 
484.1 130.1 497.3 187.7 
418.1 209.2 393.8 253.7 
497.3 196.8 452.1 246.7 
414.0 69.0 416.7 118.3 
533.4 152.3 536.9 229.4 
-533.4 -152.3 -536.9 -229.4 
573.0 145.4 588.2 194.0 
-533.4 -152.3 -536.9 -229.4 
597.3 204.4 591.7 220.4 
524.4 102.3 527.1 133.6 
119.6 189.8 122.4 266.9 
75.1 184.3 55.0 244.7 
171.0 179.4 193.2 227.3 
52.9 253.7 18.9 313.4 
193.9 236.3 210.5 273.1 
135.5 128.7 143.9 176.6 
017513.jpg 3
480.6 103.7 491.7 259.9 
429.9 121.8 393.8 173.1 
539.6 134.3 563.2 204.4 
379.2 180.8 313.3 172.5 
-539.6 -134.3 -563.2 -204.4 
457.0 26.6 459.8 79.4 
275.1 100.9 260.5 211.3 
241.8 113.4 232.1 174.5 
314.7 107.2 316.8 168.3 
-241.8 -113.4 -232.1 -174.5 
-314.7 -107.2 -316.8 -168.3 
313.3 40.5 298.0 75.9 
191.8 116.9 189.0 234.9 
149.4 123.2 125.1 203.0 
-191.8 -116.9 -189.0 -234.9 
125.1 211.3 175.1 255.8 
-191.8 -116.9 -189.0 -234.9 
207.8 30.1 210.5 87.1 
017525.jpg 2
505.6 100.2 514.6 253.0 
454.9 116.2 416.0 173.8 
565.3 137.0 585.5 211.3 
-454.9 -116.2 -416.0 -173.8 
409.1 180.1 342.4 173.8 
484.1 23.2 488.3 77.3 
309.1 99.5 277.9 214.1 
268.2 113.4 245.9 169.0 
345.9 112.7 334.8 167.6 
-268.2 -113.4 -245.9 -169.0 
337.6 178.0 382.0 228.7 
350.8 44.7 336.2 78.7 
017585.jpg 2
298.0 123.8 286.2 266.9 
248.7 130.8 225.1 194.7 
349.4 132.2 358.4 197.4 
223.7 205.1 234.1 260.6 
359.8 205.8 389.7 253.7 
321.6 75.9 310.5 100.9 
577.1 113.4 578.5 252.3 
526.4 122.5 486.2 165.5 
629.9 144.7 643.1 221.7 
472.3 173.1 397.3 182.2 
-629.9 -144.7 -643.1 -221.7 
565.3 42.6 566.0 92.6 
019094.jpg 1
452.1 122.5 450.8 205.1 
416.7 126.6 405.6 171.1 
477.1 121.8 493.1 157.9 
404.9 175.9 410.5 203.0 
493.1 163.4 503.5 195.4 
456.3 80.1 450.8 110.7 
020282.jpg 1
327.9 129.4 325.8 286.3 
260.5 121.1 239.0 216.9 
375.8 130.1 382.0 215.5 
238.3 221.7 247.3 312.0 
379.9 227.3 364.0 298.8 
323.0 58.6 336.9 119.7 
020353.jpg 1
324.4 164.8 314.0 305.1 
268.9 157.9 216.8 226.6 
-324.4 -164.8 -314.0 -305.1 
214.7 234.9 225.1 326.6 
-324.4 -164.8 -314.0 -305.1 
336.9 95.4 345.9 155.8 
020387.jpg 1
282.0 145.4 248.7 312.0 
278.6 138.4 259.1 264.8 
-282.0 -145.4 -248.7 -312.0 
261.2 266.2 338.3 218.3 
-282.0 -145.4 -248.7 -312.0 
334.8 80.8 336.9 155.1 
020811.jpg 1
385.5 220.4 389.7 396.7 
260.5 239.1 207.8 393.9 
493.8 248.1 530.6 391.9 
-260.5 -239.1 -207.8 -393.9 
-493.8 -248.1 -530.6 -391.9 
394.5 53.0 393.1 168.3 
020878.jpg 1
314.7 137.7 314.7 319.6 
243.9 128.7 232.7 228.0 
371.6 137.7 392.4 222.4 
238.3 228.0 277.2 148.8 
389.7 230.1 335.5 166.2 
332.7 46.8 325.1 119.7 
022173.jpg 2
270.2 225.9 269.5 396.0 
155.7 253.7 146.0 396.7 
375.8 247.4 379.2 394.6 
-155.7 -253.7 -146.0 -396.7 
-375.8 -247.4 -379.2 -394.6 
268.2 49.6 277.9 171.8 
116.1 61.4 136.2 229.4 
48.8 86.4 25.1 182.2 
179.3 60.0 202.2 137.7 
22.4 193.3 12.0 269.7 
-179.3 -60.0 -202.2 -137.7 
114.0 5.1 119.6 41.2 
022382.jpg 1
280.7 201.6 286.2 393.2 
168.9 234.2 57.8 308.5 
396.6 231.5 464.0 305.1 
57.1 327.3 168.2 371.0 
460.5 320.3 395.9 353.7 
261.2 61.4 295.2 184.9 
022692.jpg 1
304.3 207.2 309.1 402.3 
197.3 244.0 71.0 317.6 
414.7 232.9 479.2 301.6 
75.8 337.0 189.7 375.9 
466.0 318.3 415.4 348.8 
332.0 48.9 327.9 162.7 
022745.jpg 1
441.0 189.8 429.9 365.5 
382.7 193.3 365.4 302.3 
506.3 197.4 497.3 308.5 
371.6 299.5 450.8 286.3 
493.8 310.6 400.1 291.9 
436.2 78.0 436.2 146.1 
022773.jpg 1
347.3 266.2 314.7 402.3 
232.1 246.0 132.1 216.9 
477.1 302.3 622.3 348.1 
131.4 240.5 209.8 336.3 
640.3 356.4 715.3 374.5 
393.1 80.8 374.4 202.3 
023106.jpg 1
397.3 120.4 398.0 204.4 
357.0 127.3 347.3 187.0 
438.3 131.5 439.0 183.6 
345.2 192.6 370.2 206.5 
439.7 191.2 432.7 205.1 
394.5 69.7 394.5 108.6 
023321.jpg 1
312.6 250.9 325.1 394.6 
189.7 264.8 187.6 401.6 
410.5 248.8 432.7 399.5 
-189.7 -264.8 -187.6 -401.6 
-410.5 -248.8 -432.7 -399.5 
303.6 106.5 307.7 203.0 
023598.jpg 1
384.1 194.0 389.7 371.7 
-384.1 -194.0 -389.7 -371.7 
484.1 198.1 451.5 305.1 
-384.1 -194.0 -389.7 -371.7 
445.9 310.6 370.9 318.3 
380.6 73.9 380.6 169.0 
023958.jpg 2
249.4 170.4 248.0 216.2 
221.6 174.5 214.0 209.2 
266.8 172.5 271.6 205.8 
214.0 214.1 213.3 234.9 
272.3 209.9 280.0 228.0 
255.0 138.4 253.6 160.0 
682.7 163.4 682.0 198.8 
668.8 168.3 670.2 190.5 
699.3 166.2 702.8 191.2 
-668.8 -168.3 -670.2 -190.5 
704.2 193.3 708.3 209.9 
695.2 139.8 690.3 154.4 
024003.jpg 1
275.8 169.0 279.3 219.7 
249.4 173.8 243.2 207.9 
-275.8 -169.0 -279.3 -219.7 
246.6 209.9 258.4 228.7 
-275.8 -169.0 -279.3 -219.7 
287.6 135.0 282.7 159.3 
024087.jpg 1
302.2 126.6 300.8 201.6 
267.5 132.2 273.0 182.2 
-302.2 -126.6 -300.8 -201.6 
273.0 186.3 293.8 216.9 
-302.2 -126.6 -300.8 -201.6 
318.1 81.5 309.1 114.1 
024444.jpg 2
411.2 178.7 429.2 273.8 
339.7 178.0 350.8 257.9 
468.8 141.2 498.0 207.2 
354.3 264.8 371.6 319.6 
508.4 219.0 490.3 269.7 
418.8 121.1 415.4 175.2 
204.3 119.7 205.7 195.4 
168.9 130.8 161.2 172.5 
239.0 127.3 251.5 164.8 
161.2 176.6 154.3 206.5 
251.5 169.0 252.9 194.0 
208.4 75.2 207.1 107.2 
024532.jpg 2
232.1 148.8 241.8 258.5 
186.2 160.6 169.6 241.2 
-264.0 -205.1 -290.4 -187.0 
172.3 249.5 188.3 313.4 
264.0 205.1 290.4 187.0 
246.6 70.4 242.5 133.6 
425.1 157.9 419.5 306.5 
-425.1 -157.9 -419.5 -306.5 
486.2 150.9 509.1 246.7 
-425.1 -157.9 -419.5 -306.5 
511.9 254.4 469.5 311.3 
407.7 38.4 402.9 120.4 
024708.jpg 2
376.5 137.7 382.0 196.1 
340.4 148.8 332.0 188.4 
404.9 130.1 420.2 164.1 
332.0 192.6 327.2 223.1 
422.3 169.0 415.4 191.9 
351.5 108.6 361.9 135.7 
125.1 140.5 130.7 214.1 
98.1 154.4 89.7 197.4 
163.3 144.0 177.9 186.3 
90.4 201.6 81.4 227.3 
178.6 190.5 180.0 225.9 
118.2 91.2 112.6 127.3 
024845.jpg 2
350.8 275.2 341.8 398.8 
255.7 306.5 243.9 398.1 
473.0 303.0 468.1 396.7 
-255.7 -306.5 -243.9 -398.1 
-473.0 -303.0 -468.1 -396.7 
300.8 96.1 310.5 244.0 
561.9 167.6 560.5 214.8 
548.7 167.6 540.3 194.7 
584.1 166.2 591.7 194.0 
-548.7 -167.6 -540.3 -194.7 
591.0 197.4 588.9 219.0 
559.8 137.0 559.8 160.6 
024876.jpg 1
309.1 171.1 320.2 323.1 
234.1 192.6 255.0 292.6 
-309.1 -171.1 -320.2 -323.1 
261.2 298.1 330.6 273.1 
-309.1 -171.1 -320.2 -323.1 
318.1 82.9 316.1 155.8 
024879.jpg 1
313.3 169.0 324.4 327.3 
238.3 193.3 256.4 291.2 
-313.3 -169.0 -324.4 -327.3 
264.7 296.7 330.0 277.3 
-313.3 -169.0 -324.4 -327.3 
314.7 82.9 316.8 153.7 
024903.jpg 1
289.7 164.8 289.0 321.0 
218.2 180.8 251.5 285.6 
-289.7 -164.8 -289.0 -321.0 
261.9 294.0 337.6 275.9 
-289.7 -164.8 -289.0 -321.0 
312.6 69.7 304.3 145.4 
025056.jpg 1
255.7 191.9 237.6 397.4 
158.5 213.4 202.2 362.0 
311.9 181.5 318.1 264.1 
214.7 361.3 310.5 325.9 
315.4 276.6 352.9 291.2 
310.5 62.7 295.9 161.3 
025685.jpg 1
201.5 143.3 184.1 273.8 
151.5 161.3 128.6 244.7 
286.9 148.8 282.0 236.3 
122.4 248.8 126.5 302.3 
277.9 246.0 190.4 292.6 
199.4 48.2 216.1 119.7 
025715.jpg 1
208.4 137.0 183.5 272.4 
150.8 161.3 131.4 240.5 
289.7 146.8 277.9 237.7 
125.8 243.3 128.6 296.7 
276.5 244.0 193.2 287.0 
195.9 44.7 205.7 118.3 
026747.jpg 1
228.6 136.3 198.7 257.2 
164.0 163.4 143.2 240.5 
303.6 153.7 287.6 237.7 
139.0 246.7 144.6 282.8 
285.5 246.0 205.0 283.5 
227.9 44.0 239.0 118.3 
027847.jpg 2
227.9 157.9 235.5 269.7 
161.2 165.5 148.0 238.4 
279.3 157.9 286.9 221.1 
-161.2 -165.5 -148.0 -238.4 
288.3 225.9 289.7 260.6 
246.6 83.6 243.2 138.4 
457.0 177.3 478.5 291.9 
405.6 205.1 366.1 287.7 
-457.0 -177.3 -478.5 -291.9 
362.6 296.7 285.5 321.0 
-457.0 -177.3 -478.5 -291.9 
398.0 93.3 415.4 162.7 
027876.jpg 2
230.0 157.2 239.0 275.9 
159.8 163.4 148.7 236.3 
283.4 159.3 290.4 222.4 
-159.8 -163.4 -148.7 -236.3 
293.2 228.7 287.6 265.5 
246.6 78.7 244.6 136.3 
488.3 187.7 466.0 321.0 
489.6 213.4 474.4 320.3 
-488.3 -187.7 -466.0 -321.0 
475.1 326.6 401.5 339.8 
-488.3 -187.7 -466.0 -321.0 
456.3 80.8 448.7 161.3 
028303.jpg 2
236.9 162.0 243.9 287.0 
171.0 171.8 152.2 250.2 
293.8 164.1 298.0 229.4 
-171.0 -171.8 -152.2 -250.2 
302.9 234.2 302.9 267.6 
260.5 98.2 245.2 153.0 
467.4 194.0 484.1 319.6 
410.5 228.0 342.4 312.7 
-467.4 -194.0 -484.1 -319.6 
336.9 318.3 237.6 376.6 
-467.4 -194.0 -484.1 -319.6 
441.7 87.7 424.4 162.0 
028367.jpg 2
442.4 148.8 439.0 279.4 
379.2 148.8 387.6 223.1 
509.8 152.3 535.5 205.1 
390.4 225.2 422.3 241.9 
538.2 211.3 568.8 238.4 
468.8 74.6 455.6 135.0 
198.0 149.5 200.8 391.2 
98.1 182.2 72.4 348.1 
312.6 195.4 332.0 383.5 
-98.1 -182.2 -72.4 -348.1 
-312.6 -195.4 -332.0 -383.5 
284.1 26.6 248.0 104.4 
028459.jpg 1
256.4 174.5 275.1 348.8 
157.1 185.6 137.6 297.4 
323.0 171.8 338.3 263.4 
134.2 308.5 208.4 372.4 
339.0 271.0 339.0 318.9 
257.7 75.9 259.8 157.2 
029194.jpg 1
452.1 145.4 459.8 278.0 
386.2 146.1 397.3 244.7 
515.3 148.1 514.6 237.7 
406.3 244.7 466.7 250.2 
513.9 248.8 517.4 307.1 
443.8 49.6 443.8 114.1 
029197.jpg 1
450.1 139.8 454.9 274.5 
384.1 149.5 396.6 245.4 
512.6 148.8 511.2 231.5 
403.5 246.0 472.3 248.8 
511.9 241.9 515.3 302.3 
446.6 48.2 445.9 116.2 
031350.jpg 1
329.3 111.4 328.6 186.3 
301.5 116.2 284.8 151.6 
357.7 119.7 365.4 163.4 
276.5 155.1 300.8 169.7 
365.4 167.6 373.7 203.0 
340.4 73.2 343.8 104.4 
031380.jpg 1
286.9 117.6 287.6 208.6 
259.1 119.7 233.4 168.3 
312.6 123.8 321.6 173.8 
234.1 173.8 270.9 203.0 
322.3 180.8 307.7 184.3 
293.2 63.4 297.3 98.9 
031628.jpg 1
404.9 174.5 391.0 332.8 
345.9 189.1 336.2 294.0 
478.5 187.7 484.8 292.6 
335.5 303.0 321.6 393.2 
483.4 303.0 473.7 384.2 
394.5 75.2 395.9 141.2 
031673.jpg 1
356.3 207.2 346.6 378.0 
302.9 233.5 308.4 337.7 
430.6 198.1 491.7 305.1 
308.4 341.2 300.8 396.7 
502.1 318.9 499.4 396.7 
323.0 92.6 341.1 169.0 
031767.jpg 1
419.5 135.0 412.6 284.9 
364.7 144.0 365.4 232.2 
491.0 144.0 486.9 244.0 
368.1 240.5 383.4 296.0 
483.4 253.0 421.6 307.8 
398.7 53.0 405.6 118.3 
031858.jpg 1
302.9 164.8 307.7 323.8 
220.9 171.8 200.1 274.5 
369.5 159.3 394.5 256.5 
198.0 285.6 241.8 341.9 
398.7 262.0 370.9 303.0 
308.4 53.7 307.7 130.1 
032121.jpg 1
427.8 163.4 423.0 298.1 
363.3 176.6 362.6 266.9 
491.7 175.9 484.8 269.0 
359.8 273.8 384.8 308.5 
485.5 282.8 439.7 320.3 
411.2 69.7 417.4 137.0 
032448.jpg 1
289.0 202.3 290.4 343.3 
211.2 209.9 198.0 325.9 
342.4 196.1 359.1 305.8 
195.9 334.2 199.4 400.9 
360.5 318.9 382.7 391.9 
282.0 82.9 292.5 128.7 
032649.jpg 1
414.0 279.4 391.0 401.6 
327.9 294.0 299.4 398.1 
532.0 286.3 520.9 398.1 
-327.9 -294.0 -299.4 -398.1 
-532.0 -286.3 -520.9 -398.1 
390.4 75.9 366.7 204.4 
032654.jpg 1
409.1 265.5 384.8 400.9 
322.3 289.8 288.3 401.6 
533.4 290.5 513.9 396.7 
-322.3 -289.8 -288.3 -401.6 
-533.4 -290.5 -513.9 -396.7 
386.9 73.9 367.4 203.0 
033795.jpg 1
277.9 155.1 277.9 310.6 
190.4 165.5 171.0 263.4 
345.9 161.3 364.7 258.5 
170.3 269.7 172.3 294.0 
365.4 264.8 374.4 291.2 
295.2 47.5 290.4 129.4 
033842.jpg 1
414.0 191.9 404.2 349.5 
341.8 198.1 344.5 324.5 
493.1 198.1 483.4 330.1 
343.8 332.8 351.5 394.6 
480.6 348.8 424.4 397.4 
404.9 58.6 400.8 146.1 
033953.jpg 1
287.6 157.2 298.7 312.0 
204.3 165.5 180.0 255.1 
354.3 161.3 386.2 257.2 
180.7 266.2 156.4 298.1 
387.6 265.5 425.8 299.5 
303.6 47.5 293.2 125.9 
033995.jpg 1
285.5 159.3 286.2 337.7 
202.2 160.0 182.8 262.0 
350.8 169.0 364.0 271.0 
175.8 271.0 186.9 299.5 
368.1 279.4 373.7 333.5 
298.7 46.1 292.5 128.0 
034222.jpg 0
034279.jpg 3
343.1 139.8 341.8 271.0 
294.5 143.3 277.9 205.1 
391.0 150.2 403.5 209.2 
275.8 211.3 280.7 246.0 
407.0 214.1 400.8 243.3 
342.4 78.7 340.4 130.8 
204.3 164.8 216.8 278.7 
150.1 170.4 128.6 249.5 
-204.3 -164.8 -216.8 -278.7 
126.5 257.2 119.6 320.3 
-204.3 -164.8 -216.8 -278.7 
229.3 90.5 227.9 141.9 
484.8 234.9 477.8 303.0 
463.3 237.0 459.8 279.4 
510.5 237.7 508.4 293.3 
458.4 284.2 453.5 309.2 
507.7 298.1 507.0 340.5 
479.9 194.7 481.3 225.9 
034641.jpg 1
385.5 253.0 386.2 398.1 
306.3 237.7 293.2 393.2 
486.9 256.5 508.4 400.2 
-306.3 -237.7 -293.2 -393.2 
-486.9 -256.5 -508.4 -400.2 
371.6 65.5 357.7 184.3 
034655.jpg 1
391.0 246.7 393.1 400.9 
308.4 239.1 298.7 396.0 
488.9 251.6 515.3 399.5 
-308.4 -239.1 -298.7 -396.0 
-488.9 -251.6 -515.3 -399.5 
382.7 66.9 391.0 190.5 
034688.jpg 1
387.6 216.9 391.0 401.6 
311.2 228.7 299.4 396.7 
482.7 215.5 510.5 367.6 
-311.2 -228.7 -299.4 -396.7 
516.0 380.0 461.2 404.4 
357.0 55.1 366.1 182.9 
034803.jpg 1
399.4 218.3 396.6 398.8 
321.6 224.5 309.8 393.2 
505.6 236.3 513.2 396.0 
-321.6 -224.5 -309.8 -393.2 
-505.6 -236.3 -513.2 -396.0 
383.4 60.7 375.8 194.7 
034862.jpg 1
388.3 230.8 398.0 398.8 
316.8 233.5 313.3 393.2 
491.7 230.8 520.2 385.6 
-316.8 -233.5 -313.3 -393.2 
-491.7 -230.8 -520.2 -385.6 
366.7 71.1 384.1 188.4 
034864.jpg 1
391.0 241.9 405.6 400.2 
319.5 238.4 315.4 389.8 
486.9 230.8 521.6 385.6 
-319.5 -238.4 -315.4 -389.8 
-486.9 -230.8 -521.6 -385.6 
364.7 72.5 381.3 185.6 
035274.jpg 2
194.6 212.7 205.0 328.7 
114.7 218.3 166.1 326.6 
282.0 205.1 249.4 316.9 
180.0 338.4 222.3 247.4 
241.1 328.7 141.1 365.5 
231.4 91.9 232.1 191.9 
513.9 201.6 527.1 391.9 
425.8 164.8 452.8 263.4 
579.9 194.0 652.1 261.3 
457.0 269.0 554.2 327.3 
658.4 266.2 682.0 315.5 
479.9 75.9 482.0 162.7 
035301.jpg 2
201.5 198.8 186.2 354.4 
107.8 212.0 181.4 343.9 
286.9 214.1 260.5 331.4 
191.8 349.5 243.2 241.9 
258.4 338.4 166.1 379.4 
248.7 78.0 252.2 186.3 
488.3 200.2 494.5 399.5 
407.7 175.2 457.0 282.2 
543.1 196.1 627.8 271.0 
463.3 287.0 581.3 337.0 
638.9 276.6 677.1 316.2 
513.9 83.6 503.5 182.2 
035380.jpg 1
452.8 210.6 452.8 371.0 
367.4 200.2 332.0 307.1 
543.8 224.5 600.0 304.4 
331.3 326.6 389.0 297.4 
604.2 310.6 663.9 371.0 
466.7 79.4 453.5 166.9 
035430.jpg 2
411.9 194.0 425.8 255.1 
396.6 196.8 402.9 232.2 
436.2 187.0 432.7 244.7 
400.1 234.2 386.2 253.0 
432.0 248.8 426.5 278.7 
395.2 163.4 398.0 192.6 
236.2 130.1 240.4 221.1 
192.5 126.6 170.3 190.5 
-236.2 -130.1 -240.4 -221.1 
170.3 197.4 189.0 240.5 
-236.2 -130.1 -240.4 -221.1 
264.7 72.5 255.0 114.8 
035527.jpg 2
339.0 138.4 340.4 209.2 
318.8 141.9 307.0 172.5 
363.3 135.0 398.0 171.8 
303.6 174.5 318.8 200.9 
401.5 178.7 377.2 208.6 
325.1 88.4 323.0 121.1 
222.3 122.5 228.6 223.8 
175.8 123.8 160.5 182.2 
243.9 130.1 252.2 173.8 
157.8 190.5 184.1 232.2 
252.9 181.5 257.7 213.4 
239.0 60.0 236.2 104.4 
035797.jpg 2
340.4 141.9 340.4 209.2 
318.1 141.9 312.6 165.5 
372.3 140.5 401.5 178.0 
312.6 168.3 313.3 189.8 
402.9 183.6 373.7 204.4 
336.9 88.4 338.3 121.1 
231.4 122.5 243.9 208.6 
183.5 130.8 176.5 196.1 
-231.4 -122.5 -243.9 -208.6 
180.0 203.7 198.7 242.6 
-231.4 -122.5 -243.9 -208.6 
251.5 61.4 243.2 105.8 
035828.jpg 2
345.9 140.5 340.4 212.0 
323.7 143.3 305.6 173.1 
374.4 144.7 402.2 179.4 
305.0 176.6 311.9 200.9 
407.7 185.6 375.8 207.9 
337.6 88.4 335.5 121.1 
236.2 121.1 248.7 204.4 
190.4 126.6 177.2 191.2 
-236.2 -121.1 -248.7 -204.4 
177.9 197.4 198.7 237.0 
-236.2 -121.1 -248.7 -204.4 
254.3 61.4 249.4 105.1 
035850.jpg 2
345.9 141.9 341.8 210.6 
328.6 142.6 315.4 171.8 
371.6 142.6 400.8 175.9 
310.5 177.3 318.8 205.1 
402.9 182.9 380.6 208.6 
345.9 88.4 338.3 121.1 
239.0 121.1 252.9 209.9 
198.7 121.8 188.3 194.7 
-239.0 -121.1 -252.9 -209.9 
190.4 200.2 210.5 239.8 
-239.0 -121.1 -252.9 -209.9 
259.8 60.0 250.8 105.1 
035902.jpg 2
346.6 138.4 339.0 212.7 
323.0 146.1 311.2 174.5 
370.2 139.1 401.5 180.1 
310.5 177.3 318.8 202.3 
403.5 183.6 377.2 209.9 
323.7 99.5 334.8 128.0 
218.9 125.9 231.4 211.3 
166.8 131.5 155.0 185.6 
247.3 121.1 257.0 168.3 
156.4 192.6 171.0 230.8 
257.0 173.1 263.3 212.0 
243.2 67.6 234.1 107.9 
035956.jpg 2
342.4 141.9 341.8 213.4 
322.3 143.3 311.2 174.5 
370.9 140.5 401.5 180.8 
308.4 178.7 318.8 202.3 
402.2 183.6 375.8 208.6 
327.9 91.2 330.6 121.8 
231.4 123.8 237.6 209.9 
186.9 123.2 175.8 185.6 
255.7 133.6 257.7 183.6 
175.8 189.8 191.8 232.9 
259.1 189.8 264.0 216.2 
248.0 59.3 247.3 105.1 
036181.jpg 1
389.0 216.9 390.4 390.5 
284.8 216.9 292.5 391.2 
507.7 243.3 489.6 398.1 
-284.8 -216.9 -292.5 -391.2 
259.1 405.0 259.1 334.9 
357.7 75.9 365.4 199.5 
036258.jpg 1
384.8 261.3 384.1 399.5 
270.2 272.4 266.1 400.2 
499.4 275.2 501.4 397.4 
-270.2 -272.4 -266.1 -400.2 
-499.4 -275.2 -501.4 -397.4 
393.1 98.9 375.1 225.9 
036501.jpg 1
423.0 179.4 419.5 360.6 
361.2 195.4 359.8 300.9 
493.8 187.0 519.5 296.7 
-361.2 -195.4 -359.8 -300.9 
524.4 307.1 448.0 336.3 
404.9 64.8 412.6 142.6 
036509.jpg 1
404.9 173.8 400.1 350.2 
341.1 194.7 341.1 301.6 
481.3 183.6 491.0 294.6 
-341.1 -194.7 -341.1 -301.6 
495.9 304.4 441.0 312.7 
395.2 63.4 393.1 137.7 
036596.jpg 0
036911.jpg 1
403.5 264.8 404.9 403.7 
306.3 259.9 298.7 390.5 
468.1 266.2 470.2 377.3 
-306.3 -259.9 -298.7 -390.5 
-468.1 -266.2 -470.2 -377.3 
448.7 139.8 416.7 234.2 
036995.jpg 1
411.2 209.9 419.5 387.7 
316.8 225.2 302.2 354.4 
482.7 219.0 495.9 328.7 
303.6 373.1 398.7 398.1 
498.0 337.7 504.9 363.4 
413.3 75.9 399.4 171.8 
037094.jpg 1
224.4 224.5 232.1 391.2 
136.2 232.2 150.8 359.9 
301.5 225.2 309.8 354.4 
144.6 367.6 171.6 381.4 
313.3 362.0 258.4 400.2 
236.2 101.6 231.4 185.6 
037153.jpg 1
402.9 203.7 413.3 393.2 
298.7 223.1 289.7 349.5 
482.7 209.2 498.7 318.3 
286.9 363.4 360.5 379.4 
508.4 346.0 486.9 380.0 
419.5 71.1 399.4 167.6 
037169.jpg 1
408.4 200.9 412.6 382.1 
309.8 214.8 289.7 340.5 
482.0 207.9 500.8 325.9 
286.9 354.4 353.6 381.4 
511.9 336.3 481.3 372.4 
413.3 72.5 397.3 170.4 
038555.jpg 1
367.4 189.1 354.9 366.9 
275.1 186.3 261.2 288.4 
456.3 200.9 500.8 301.6 
259.1 302.3 224.4 380.7 
502.1 312.7 512.6 359.9 
405.6 56.5 400.8 153.0 
038893.jpg 0
039184.jpg 1
459.1 114.1 478.5 272.4 
419.5 122.5 424.4 219.7 
-459.1 -114.1 -478.5 -272.4 
427.2 225.2 410.5 307.1 
-459.1 -114.1 -478.5 -272.4 
409.1 32.9 407.7 100.2 
039223.jpg 1
432.0 131.5 435.5 257.2 
-432.0 -131.5 -435.5 -257.2 
490.3 132.9 504.9 215.5 
-432.0 -131.5 -435.5 -257.2 
504.2 222.4 486.9 290.5 
408.4 47.5 418.1 114.1 
039250.jpg 1
483.4 113.4 486.2 264.8 
439.0 128.7 440.3 208.6 
562.5 107.9 570.2 202.3 
443.1 221.1 429.2 275.9 
571.6 216.9 511.2 271.7 
444.5 22.5 461.2 96.1 
039252.jpg 1
489.6 99.5 495.2 239.8 
442.4 113.4 441.0 183.6 
566.0 94.0 571.6 186.3 
443.8 192.6 437.6 254.4 
571.6 207.2 512.6 260.6 
452.1 12.1 468.1 82.2 
039773.jpg 1
323.0 145.4 320.2 271.0 
270.2 169.0 256.4 244.0 
367.4 157.9 360.5 238.4 
-270.2 -169.0 -256.4 -244.0 
364.7 244.7 400.1 264.8 
325.8 69.0 325.8 122.5 
039791.jpg 1
346.6 126.6 340.4 246.0 
292.5 146.8 275.1 216.9 
395.9 146.1 400.1 230.1 
-292.5 -146.8 -275.1 -216.9 
402.2 233.5 421.6 254.4 
358.4 57.2 359.1 103.0 
039920.jpg 1
278.6 135.7 286.2 224.5 
240.4 137.0 233.4 202.3 
316.8 141.2 317.5 212.7 
236.9 202.3 289.0 221.1 
318.8 219.0 318.8 263.4 
266.1 76.6 270.2 118.3 
039923.jpg 1
278.6 136.3 282.7 221.7 
239.7 136.3 236.9 200.9 
318.1 144.0 321.6 207.9 
240.4 203.0 282.7 219.7 
320.9 216.9 317.5 266.2 
264.0 75.9 266.1 123.2 
044134.jpg 2
484.8 150.9 486.9 286.3 
459.1 157.2 434.8 219.0 
555.6 157.2 563.2 246.7 
-459.1 -157.2 -434.8 -219.0 
568.1 260.6 560.5 338.4 
483.4 52.3 478.5 112.7 
386.2 203.0 398.7 330.1 
334.1 198.8 336.2 309.2 
-386.2 -203.0 -398.7 -330.1 
343.8 306.5 413.3 322.4 
-386.2 -203.0 -398.7 -330.1 
392.4 103.7 378.6 174.5 
044600.jpg 1
428.5 173.8 427.8 265.5 
-428.5 -173.8 -427.8 -265.5 
464.6 182.2 476.4 244.7 
-428.5 -173.8 -427.8 -265.5 
477.1 250.2 429.9 257.9 
413.3 103.7 413.3 146.1 
044633.jpg 1
421.6 173.1 416.0 272.4 
-421.6 -173.1 -416.0 -272.4 
454.9 176.6 473.0 236.3 
-421.6 -173.1 -416.0 -272.4 
474.4 246.0 429.9 263.4 
394.5 111.4 407.7 155.8 
045926.jpg 2
230.7 203.7 234.1 325.2 
183.5 205.1 176.5 278.0 
283.4 202.3 286.2 278.0 
173.0 287.7 165.4 348.1 
284.8 284.2 287.6 329.4 
220.9 120.4 232.1 171.8 
371.6 192.6 377.9 339.8 
318.1 203.7 307.7 294.6 
-445.9 -298.1 -423.0 -378.7 
305.6 307.8 320.2 371.0 
445.9 298.1 423.0 378.7 
370.9 100.9 370.9 159.3 
045950.jpg 2
214.7 202.3 216.8 340.5 
161.2 203.0 143.2 285.6 
265.4 189.8 264.7 268.3 
141.8 297.4 129.3 365.5 
263.3 278.7 270.2 340.5 
203.6 110.7 216.1 168.3 
354.9 196.8 363.3 351.6 
293.2 205.8 289.0 307.1 
-426.5 -310.6 -412.6 -388.4 
290.4 316.9 304.3 391.9 
426.5 310.6 412.6 388.4 
348.7 97.5 356.3 173.8 
046182.jpg 2
362.6 207.2 357.0 360.6 
298.0 209.9 289.0 303.0 
425.8 209.2 430.6 307.8 
-298.0 -209.9 -289.0 -303.0 
-425.8 -209.2 -430.6 -307.8 
351.5 107.9 363.3 172.5 
193.2 205.1 201.5 336.3 
137.6 211.3 127.9 311.3 
235.5 198.1 241.8 284.2 
127.9 321.7 131.4 395.3 
241.8 290.5 255.0 355.7 
197.3 112.7 206.4 173.1 
046216.jpg 2
189.0 207.9 205.7 350.9 
132.1 212.7 120.3 314.8 
230.7 200.9 236.2 283.5 
120.3 325.2 125.8 400.2 
234.8 291.9 248.0 350.2 
196.6 110.0 204.3 175.2 
349.4 205.1 350.8 346.7 
286.9 208.6 275.1 294.6 
418.1 205.1 423.0 309.9 
267.5 312.7 275.1 322.4 
420.2 321.7 405.6 320.3 
341.8 119.0 350.8 182.9 
046825.jpg 2
348.7 207.9 351.5 351.6 
282.7 214.8 272.3 303.0 
414.7 208.6 418.8 291.9 
270.2 310.6 277.9 386.3 
-414.7 -208.6 -418.8 -291.9 
336.2 118.3 345.2 184.3 
182.1 210.6 195.9 353.7 
125.1 215.5 127.9 312.0 
218.2 205.1 230.0 284.2 
130.7 323.1 168.2 383.5 
229.3 292.6 233.4 357.8 
174.4 102.3 193.2 162.7 
046870.jpg 2
368.8 205.8 375.1 367.6 
295.9 219.0 294.5 320.3 
415.4 203.0 425.8 291.9 
290.4 330.8 336.2 380.0 
436.9 300.2 414.7 333.5 
381.3 97.5 397.3 162.7 
181.4 206.5 200.8 353.0 
129.3 216.9 132.8 324.5 
218.2 202.3 231.4 290.5 
137.6 334.2 174.4 385.6 
232.7 298.8 238.3 364.8 
177.9 100.9 204.3 171.1 
046909.jpg 3
367.4 215.5 367.4 363.4 
293.8 219.0 295.2 333.5 
414.0 208.6 422.3 293.3 
298.7 344.6 335.5 398.1 
424.4 305.8 392.4 396.0 
378.6 102.3 385.5 173.8 
182.8 214.1 198.0 365.5 
127.2 220.4 132.1 324.5 
219.6 203.0 232.1 296.0 
134.8 333.5 176.5 396.7 
232.1 304.4 236.9 374.5 
187.6 107.9 201.5 173.8 
529.2 136.3 521.6 266.9 
464.6 142.6 454.9 221.1 
-529.2 -136.3 -521.6 -266.9 
454.2 231.5 443.8 287.7 
-529.2 -136.3 -521.6 -266.9 
509.1 44.7 511.9 115.5 
047937.jpg 1
293.8 166.2 302.9 346.0 
218.2 160.6 267.5 209.2 
-293.8 -166.2 -302.9 -346.0 
276.5 212.0 339.0 219.0 
-293.8 -166.2 -302.9 -346.0 
286.9 61.4 288.3 139.8 
050598.jpg 2
543.8 175.9 533.4 340.5 
468.8 177.3 428.5 200.2 
628.5 196.8 642.4 307.8 
423.0 199.5 382.0 189.1 
643.1 315.5 652.1 398.1 
517.4 71.8 520.2 143.3 
164.0 221.7 155.7 396.7 
61.9 223.1 15.4 346.7 
278.6 238.4 321.6 391.2 
-61.9 -223.1 -15.4 -346.7 
-278.6 -238.4 -321.6 -391.2 
132.1 61.4 137.6 166.2 
051184.jpg 1
473.7 172.5 455.6 347.4 
400.1 187.0 382.7 298.8 
559.8 187.7 568.1 309.9 
385.5 307.1 360.5 359.9 
567.4 316.9 569.5 398.8 
454.2 53.0 448.7 131.5 
051200.jpg 1
468.8 175.9 452.8 339.1 
400.1 186.3 389.7 287.7 
559.8 190.5 573.7 290.5 
389.7 293.3 370.9 318.3 
577.8 300.2 546.6 343.3 
452.1 62.1 446.6 145.4 
051207.jpg 1
471.6 173.1 453.5 347.4 
402.9 189.8 389.0 291.2 
557.0 183.6 575.7 291.9 
391.0 298.1 364.7 328.0 
579.2 300.9 552.8 340.5 
449.4 60.7 443.1 142.6 
051275.jpg 1
385.5 224.5 369.5 375.9 
352.2 231.5 341.8 338.4 
-385.5 -224.5 -369.5 -375.9 
348.7 345.3 390.4 390.5 
-385.5 -224.5 -369.5 -375.9 
389.0 119.0 407.7 182.2 
051333.jpg 3
344.5 244.7 318.1 389.8 
-344.5 -244.7 -318.1 -389.8 
441.7 262.0 493.1 271.0 
-344.5 -244.7 -318.1 -389.8 
502.8 273.8 560.5 218.3 
350.8 135.0 359.1 209.9 
243.9 194.0 263.3 314.8 
190.4 200.2 195.9 303.0 
-243.9 -194.0 -263.3 -314.8 
205.0 306.5 268.9 332.8 
-243.9 -194.0 -263.3 -314.8 
245.2 98.9 252.2 162.7 
509.1 207.9 484.1 371.0 
-509.1 -207.9 -484.1 -371.0 
602.8 232.2 657.0 316.9 
-509.1 -207.9 -484.1 -371.0 
666.7 330.1 621.6 386.3 
475.8 107.9 488.3 187.0 
051460.jpg 2
485.5 265.5 492.4 398.1 
438.3 262.7 395.2 330.1 
563.2 266.2 643.8 349.5 
393.8 337.7 416.0 398.1 
650.0 364.1 622.9 402.3 
466.7 146.8 465.3 229.4 
190.4 228.7 198.0 380.0 
-190.4 -228.7 -198.0 -380.0 
256.4 235.6 264.0 321.7 
-190.4 -228.7 -198.0 -380.0 
265.4 330.8 268.2 395.3 
189.0 130.1 183.5 194.7 
051498.jpg 2
227.9 132.9 271.6 294.0 
150.8 135.7 139.0 231.5 
-227.9 -132.9 -271.6 -294.0 
140.4 239.8 132.8 313.4 
-227.9 -132.9 -271.6 -294.0 
245.2 47.5 245.2 122.5 
568.8 199.5 577.8 389.8 
484.1 212.7 437.6 335.6 
625.7 211.3 676.4 289.1 
435.5 350.2 454.9 398.1 
675.7 301.6 625.0 365.5 
545.2 51.6 545.2 141.9 
051537.jpg 2
234.1 144.0 268.2 303.7 
147.3 153.7 146.7 252.3 
-234.1 -144.0 -268.2 -303.7 
148.7 259.9 150.1 337.0 
-234.1 -144.0 -268.2 -303.7 
256.4 53.0 247.3 125.2 
523.0 203.0 534.8 398.1 
415.4 232.9 354.3 358.5 
586.8 228.7 661.1 305.1 
357.7 372.4 389.7 398.8 
659.1 314.8 609.1 378.0 
504.9 66.2 498.0 157.2 
051553.jpg 2
232.7 145.4 267.5 307.1 
146.7 150.9 144.6 246.7 
-232.7 -145.4 -267.5 -307.1 
144.6 255.8 145.3 341.9 
-232.7 -145.4 -267.5 -307.1 
235.5 48.2 241.8 120.4 
499.4 207.9 515.3 396.7 
412.6 229.4 327.2 359.2 
588.9 234.9 688.2 325.2 
330.0 371.0 368.1 400.9 
691.0 337.0 621.6 400.9 
498.0 62.7 495.9 170.4 
052219.jpg 2
255.7 153.0 273.0 328.0 
176.5 164.8 166.8 272.4 
314.0 150.2 345.2 234.2 
166.1 282.8 245.2 277.3 
347.3 244.0 361.9 264.1 
271.6 48.9 264.7 133.6 
568.8 223.8 575.0 391.2 
466.0 246.0 461.9 392.5 
650.0 255.8 659.1 384.9 
-466.0 -246.0 -461.9 -392.5 
-650.0 -255.8 -659.1 -384.9 
557.7 80.1 553.5 175.9 
052259.jpg 1
507.7 273.8 496.6 398.1 
447.3 283.5 383.4 326.6 
582.7 284.2 520.9 363.4 
377.9 328.7 334.8 330.8 
507.7 367.6 429.2 380.7 
486.9 156.5 477.1 234.2 
052333.jpg 2
236.9 161.3 261.9 323.8 
161.2 162.0 145.3 275.2 
285.5 153.0 318.1 230.1 
149.4 289.8 240.4 303.7 
317.5 237.7 319.5 280.1 
251.5 52.3 265.4 135.0 
564.6 223.8 570.2 388.4 
465.3 248.8 458.4 388.4 
629.9 255.1 639.6 387.7 
-465.3 -248.8 -458.4 -388.4 
-629.9 -255.1 -639.6 -387.7 
543.8 79.4 532.7 185.6 
052800.jpg 1
241.8 175.2 238.3 376.6 
172.3 169.7 180.0 297.4 
277.2 177.3 275.1 264.8 
185.5 310.6 282.7 334.9 
282.7 293.3 318.1 343.3 
268.9 58.6 272.3 146.1 
052914.jpg 2
249.4 169.0 263.3 332.8 
166.1 171.8 155.0 298.1 
308.4 153.7 332.0 232.2 
159.8 304.4 239.7 296.7 
331.3 239.1 323.7 279.4 
279.3 55.1 276.5 148.8 
485.5 167.6 459.8 323.1 
407.7 158.6 375.1 244.7 
-485.5 -167.6 -459.8 -323.1 
368.8 253.0 386.9 312.7 
-485.5 -167.6 -459.8 -323.1 
478.5 64.8 468.8 132.9 
053061.jpg 1
498.0 282.8 498.7 393.2 
425.8 283.5 385.5 360.6 
571.6 290.5 599.3 396.7 
374.4 382.1 318.8 376.6 
-571.6 -290.5 -599.3 -396.7 
452.8 169.0 460.5 244.7 
053062.jpg 1
490.3 279.4 492.4 395.3 
431.3 280.8 390.4 369.6 
571.6 289.1 599.3 398.8 
388.3 391.2 320.2 367.6 
-571.6 -289.1 -599.3 -398.8 
451.5 164.8 468.8 246.0 
053355.jpg 1
534.8 271.7 533.4 396.0 
474.4 268.3 415.4 288.4 
620.9 291.2 634.1 393.2 
410.5 291.2 342.4 287.7 
-620.9 -291.2 -634.1 -393.2 
505.6 165.5 520.2 244.0 
053443.jpg 2
218.9 179.4 236.9 364.8 
133.5 173.8 147.3 291.9 
-218.9 -179.4 -236.9 -364.8 
165.4 300.9 245.9 253.0 
-218.9 -179.4 -236.9 -364.8 
254.3 84.3 241.8 162.7 
416.0 163.4 420.9 322.4 
336.2 156.5 323.7 277.3 
-416.0 -163.4 -420.9 -322.4 
321.6 289.1 316.8 354.4 
-416.0 -163.4 -420.9 -322.4 
448.0 72.5 427.8 141.2 
053483.jpg 2
221.6 174.5 238.3 359.9 
132.1 171.8 146.0 303.7 
-299.4 -282.8 -309.1 -245.4 
157.8 305.1 239.7 248.1 
299.4 282.8 309.1 245.4 
253.6 69.7 239.7 159.3 
414.0 166.9 425.1 324.5 
339.7 157.2 327.9 275.2 
469.5 162.7 501.4 244.7 
327.9 284.9 324.4 359.2 
-469.5 -162.7 -501.4 -244.7 
453.5 73.9 433.4 141.2 
053491.jpg 2
221.6 172.5 231.4 358.5 
139.7 172.5 147.3 296.7 
271.6 158.6 293.2 258.5 
155.7 300.9 241.1 244.0 
305.0 280.1 305.0 253.0 
248.0 76.6 243.9 161.3 
418.1 165.5 417.4 321.7 
345.2 155.1 330.6 273.8 
473.0 163.4 500.8 250.9 
331.3 282.8 320.9 355.1 
-473.0 -163.4 -500.8 -250.9 
440.3 68.3 425.8 141.9 
053717.jpg 0
054110.jpg 1
309.1 184.3 331.3 393.2 
200.1 181.5 266.8 286.3 
394.5 171.8 418.1 305.1 
289.7 303.7 361.9 347.4 
-394.5 -171.8 -418.1 -305.1 
301.5 47.5 299.4 168.3 
054421.jpg 1
434.1 154.4 420.2 350.9 
372.3 137.0 359.1 218.3 
515.3 182.9 516.0 293.3 
357.0 224.5 305.6 281.5 
517.4 320.3 466.7 298.8 
421.6 20.4 422.3 112.0 
054434.jpg 1
352.9 205.8 346.6 354.4 
327.9 219.7 263.3 279.4 
407.0 203.0 470.9 304.4 
246.6 295.3 216.1 212.0 
477.1 313.4 527.1 396.7 
315.4 115.5 333.4 191.2 
055079.jpg 3
450.8 117.6 445.9 171.1 
437.6 116.9 429.9 150.9 
473.0 124.5 477.8 160.6 
429.2 153.7 427.8 174.5 
478.5 165.5 473.0 191.2 
448.7 83.6 448.7 105.1 
184.8 71.1 187.6 114.1 
157.8 72.5 154.3 102.3 
200.8 70.4 206.4 94.7 
155.0 108.6 155.7 128.0 
209.1 102.3 211.2 125.9 
187.6 42.6 186.9 60.0 
261.2 81.5 264.7 116.2 
245.9 80.1 239.7 105.8 
277.2 79.4 278.6 108.6 
241.8 108.6 261.9 115.5 
280.0 112.7 283.4 130.8 
260.5 51.6 259.8 73.2 
055161.jpg 4
447.3 117.6 444.5 150.9 
434.1 115.5 428.5 129.4 
464.0 121.8 485.5 141.2 
-434.1 -115.5 -428.5 -129.4 
483.4 150.9 471.6 152.3 
439.0 90.5 441.7 106.5 
304.3 88.4 300.8 125.2 
293.2 85.7 283.4 110.7 
322.3 91.9 326.5 125.9 
284.1 113.4 293.8 130.1 
326.5 129.4 320.9 153.0 
299.4 62.7 305.0 85.7 
209.8 86.4 222.3 135.7 
181.4 98.9 189.0 134.3 
-209.8 -86.4 -222.3 -135.7 
189.0 138.4 193.9 164.1 
-209.8 -86.4 -222.3 -135.7 
216.1 57.2 216.1 75.9 
162.6 87.1 170.3 137.7 
134.8 89.1 130.0 121.1 
-162.6 -87.1 -170.3 -137.7 
130.7 127.3 152.2 140.5 
-162.6 -87.1 -170.3 -137.7 
155.7 56.5 161.9 81.5 
055228.jpg 2
453.5 216.9 452.8 397.4 
347.3 219.7 319.5 384.9 
568.1 232.9 593.1 390.5 
-347.3 -219.7 -319.5 -384.9 
-568.1 -232.9 -593.1 -390.5 
461.2 53.7 457.7 164.8 
266.8 214.8 262.6 396.0 
155.0 235.6 120.3 353.0 
-266.8 -214.8 -262.6 -396.0 
130.0 383.5 222.3 332.1 
-266.8 -214.8 -262.6 -396.0 
291.8 78.0 290.4 179.4 
055851.jpg 2
463.3 203.7 461.9 334.2 
407.0 203.7 394.5 304.4 
-463.3 -203.7 -461.9 -334.2 
400.1 305.8 464.0 330.8 
-463.3 -203.7 -461.9 -334.2 
471.6 105.8 482.7 178.0 
165.4 249.5 202.2 391.9 
109.2 285.6 156.4 399.5 
198.7 247.4 255.7 346.7 
-109.2 -285.6 -156.4 -399.5 
266.8 360.6 227.2 397.4 
164.7 91.9 168.9 195.4 
055888.jpg 2
471.6 209.2 465.3 334.2 
412.6 197.4 397.3 296.0 
-471.6 -209.2 -465.3 -334.2 
400.1 298.1 459.1 323.8 
-471.6 -209.2 -465.3 -334.2 
479.9 102.3 495.9 168.3 
126.5 254.4 168.9 391.9 
62.6 287.0 114.7 404.4 
164.0 244.0 221.6 335.6 
-62.6 -287.0 -114.7 -404.4 
239.7 348.1 184.8 394.6 
115.4 99.5 125.1 196.1 
056212.jpg 2
273.0 218.3 291.1 375.2 
200.8 223.1 200.8 352.3 
320.2 220.4 329.3 322.4 
204.3 354.4 300.8 367.6 
-320.2 -220.4 -329.3 -322.4 
295.2 98.9 294.5 182.2 
89.0 151.6 93.2 211.3 
67.5 156.5 59.9 198.8 
106.4 153.0 111.2 188.4 
59.9 203.7 56.4 228.7 
110.5 192.6 114.0 219.0 
90.4 112.0 94.6 134.3 
056274.jpg 2
255.0 221.1 276.5 365.5 
187.6 228.0 195.3 348.1 
294.5 220.4 309.1 313.4 
200.1 348.8 290.4 355.1 
-294.5 -220.4 -309.1 -313.4 
270.9 106.5 275.1 191.2 
71.7 153.7 81.4 209.9 
52.2 153.7 54.3 198.1 
89.0 153.0 98.7 187.0 
53.6 203.7 48.1 232.2 
98.7 191.2 105.0 214.8 
73.1 115.5 77.9 141.2 
056967.jpg 1
326.5 287.7 322.3 401.6 
464.6 141.9 453.5 224.5 
538.9 143.3 556.3 211.3 
454.2 234.2 438.3 269.7 
557.7 218.3 573.7 273.8 
336.9 70.4 364.0 236.3 
056972.jpg 1
502.8 146.1 509.8 252.3 
466.7 142.6 455.6 221.7 
537.5 145.4 554.2 213.4 
454.9 230.8 441.7 274.5 
556.3 219.0 573.0 274.5 
504.2 74.6 516.0 116.2 
056999.jpg 0
057035.jpg 1
502.1 146.8 504.2 256.5 
464.6 146.8 450.8 229.4 
534.8 141.9 550.0 210.6 
451.5 235.6 437.6 275.9 
553.5 216.9 565.3 257.9 
506.3 71.1 510.5 121.1 
057336.jpg 1
370.2 177.3 384.8 346.0 
-370.2 -177.3 -384.8 -346.0 
442.4 177.3 468.8 280.8 
-370.2 -177.3 -384.8 -346.0 
481.3 296.7 459.1 346.7 
432.0 69.0 389.7 161.3 
057365.jpg 1
347.3 166.2 353.6 363.4 
-347.3 -166.2 -353.6 -363.4 
427.2 176.6 447.3 272.4 
-347.3 -166.2 -353.6 -363.4 
451.5 280.1 454.2 309.9 
378.6 44.0 354.9 149.5 
057444.jpg 1
341.1 171.1 352.9 372.4 
-341.1 -171.1 -352.9 -372.4 
425.8 183.6 452.8 284.2 
-341.1 -171.1 -352.9 -372.4 
455.6 289.8 452.8 320.3 
376.5 32.2 359.8 133.6 
057528.jpg 3
425.8 119.0 439.7 231.5 
379.2 148.8 377.9 216.9 
-425.8 -119.0 -439.7 -231.5 
379.9 221.7 381.3 258.5 
-425.8 -119.0 -439.7 -231.5 
416.0 53.7 415.4 94.0 
295.2 91.9 291.1 121.8 
283.4 94.7 269.5 116.2 
302.9 95.4 305.6 118.3 
267.5 116.2 268.2 96.1 
-302.9 -95.4 -305.6 -118.3 
286.2 66.2 285.5 85.0 
245.2 73.9 241.8 119.7 
239.0 71.8 228.6 98.2 
230.7 100.9 255.0 99.5 
-239.0 -71.8 -228.6 -98.2 
-230.7 -100.9 -255.0 -99.5 
264.0 55.8 254.3 66.9 
057770.jpg 1
282.0 196.1 282.0 394.6 
188.3 214.1 175.8 330.8 
368.1 195.4 384.8 314.8 
173.7 345.3 241.1 342.6 
400.1 322.4 330.0 343.3 
288.3 53.7 296.6 150.2 
057791.jpg 1
293.2 194.7 293.2 388.4 
201.5 202.3 178.6 330.1 
391.7 202.3 399.4 315.5 
183.5 339.8 256.4 325.9 
411.2 324.5 342.4 332.1 
316.8 60.0 308.4 147.5 
057820.jpg 2
243.9 278.0 255.0 398.8 
159.8 297.4 150.1 396.7 
304.3 286.3 312.6 384.9 
-159.8 -297.4 -150.1 -396.7 
-304.3 -286.3 -312.6 -384.9 
259.1 126.6 257.0 223.8 
461.2 139.1 454.9 299.5 
381.3 150.9 370.9 258.5 
520.2 146.8 529.2 255.8 
-381.3 -150.9 -370.9 -258.5 
-520.2 -146.8 -529.2 -255.8 
457.7 36.4 457.0 98.2 
057866.jpg 1
286.2 189.8 271.6 382.8 
202.2 200.9 175.8 305.8 
373.0 207.2 386.2 325.2 
161.9 323.8 227.2 321.0 
387.6 342.6 291.1 328.0 
250.1 60.7 253.6 155.8 
058224.jpg 1
270.2 197.4 273.7 389.1 
180.7 215.5 180.0 321.7 
367.4 200.9 381.3 323.1 
183.5 337.0 211.9 398.8 
384.1 333.5 354.3 404.4 
245.2 55.8 248.0 146.8 
058808.jpg 1
316.8 233.5 330.0 402.3 
223.7 240.5 209.8 382.8 
383.4 237.7 385.5 375.9 
-223.7 -240.5 -209.8 -382.8 
-383.4 -237.7 -385.5 -375.9 
332.7 78.7 336.9 178.7 
059620.jpg 2
215.4 167.6 216.8 368.9 
121.0 192.6 106.4 318.3 
282.0 163.4 298.0 261.3 
101.5 330.8 88.3 400.2 
298.7 264.8 320.9 343.3 
228.6 54.4 237.6 142.6 
469.5 215.5 471.6 399.5 
370.2 225.9 335.5 300.9 
566.7 216.9 634.1 318.9 
334.1 310.6 358.4 391.2 
643.1 330.8 613.9 401.6 
473.0 76.6 474.4 178.7 
059692.jpg 1
250.1 176.6 243.9 394.6 
165.4 191.9 153.6 347.4 
332.7 187.0 319.5 314.8 
168.2 358.5 289.0 339.1 
309.1 322.4 196.6 309.9 
259.8 63.4 274.4 149.5 
059714.jpg 2
236.2 182.9 236.9 394.6 
146.0 200.2 149.4 354.4 
316.1 185.6 307.7 317.6 
160.5 359.2 270.9 344.6 
303.6 332.8 173.0 318.9 
241.8 71.1 251.5 155.8 
460.5 239.8 472.3 398.8 
353.6 264.1 346.6 375.2 
586.2 230.1 673.6 354.4 
-353.6 -264.1 -346.6 -375.2 
-586.2 -230.1 -673.6 -354.4 
465.3 79.4 469.5 196.1 
059793.jpg 2
220.9 193.3 207.1 395.3 
145.3 207.9 123.7 358.5 
314.0 198.1 284.1 323.1 
131.4 362.7 246.6 350.9 
278.6 343.9 146.0 321.7 
197.3 85.7 204.3 164.1 
428.5 239.8 415.4 403.7 
336.9 266.2 319.5 393.2 
550.0 248.8 574.3 393.2 
-336.9 -266.2 -319.5 -393.2 
-550.0 -248.8 -574.3 -393.2 
443.1 71.8 432.7 198.8 
059893.jpg 2
329.3 181.5 317.5 395.3 
250.1 201.6 228.6 350.2 
416.0 189.8 386.2 337.7 
-250.1 -201.6 -228.6 -350.2 
376.5 345.3 257.0 327.3 
311.2 60.7 318.1 147.5 
499.4 244.7 482.0 393.9 
442.4 254.4 423.0 387.7 
641.7 248.1 679.9 396.0 
-442.4 -254.4 -423.0 -387.7 
-641.7 -248.1 -679.9 -396.0 
456.3 75.2 454.9 198.8 
060006.jpg 1
281.3 192.6 286.9 393.2 
202.2 210.6 193.2 371.7 
366.7 189.8 350.1 335.6 
-202.2 -210.6 -193.2 -371.7 
265.4 75.9 282.0 164.8 
339.7 352.3 214.0 347.4 
060016.jpg 1
284.8 205.1 284.8 392.5 
218.9 215.5 194.6 351.6 
379.9 202.3 339.7 341.9 
199.4 362.7 298.7 353.7 
318.1 354.4 215.4 328.0 
282.0 62.1 283.4 139.1 
060066.jpg 0
060088.jpg 1
305.6 185.6 279.3 392.5 
216.8 190.5 185.5 346.7 
379.2 203.0 354.3 341.2 
-216.8 -190.5 -185.5 -346.7 
352.9 359.9 213.3 323.1 
323.0 57.9 306.3 151.6 
060103.jpg 1
283.4 187.0 266.1 391.9 
208.4 195.4 190.4 341.9 
379.2 193.3 343.8 328.0 
-208.4 -195.4 -190.4 -341.9 
334.1 350.9 208.4 323.1 
305.6 60.0 292.5 150.2 
060168.jpg 1
285.5 185.6 296.6 400.9 
198.7 198.1 192.5 377.3 
368.1 192.6 363.3 326.6 
-198.7 -198.1 -192.5 -377.3 
372.3 338.4 230.0 334.2 
316.1 69.0 307.7 160.6 
060321.jpg 1
438.3 197.4 443.8 346.7 
344.5 191.9 327.9 330.1 
-438.3 -197.4 -443.8 -346.7 
323.7 346.7 393.8 341.2 
-438.3 -197.4 -443.8 -346.7 
447.3 43.3 433.4 162.7 
060410.jpg 0
060418.jpg 0
060571.jpg 1
425.1 112.7 427.2 207.9 
390.4 114.8 379.2 178.7 
-454.2 -187.7 -470.2 -168.3 
377.9 180.8 407.0 168.3 
454.2 187.7 470.2 168.3 
434.8 55.8 432.0 98.9 
060582.jpg 2
427.2 120.4 427.8 212.7 
390.4 127.3 378.6 180.1 
-453.5 -200.2 -470.2 -173.1 
379.2 192.6 407.7 170.4 
453.5 200.2 470.2 173.1 
431.3 73.9 433.4 114.8 
128.6 70.4 118.9 316.9 
46.7 96.1 27.2 219.0 
200.8 112.0 217.5 258.5 
-46.7 -96.1 -27.2 -219.0 
224.4 258.5 253.6 255.8 
165.4 5.8 153.6 35.7 
061257.jpg 2
426.5 149.5 432.7 264.8 
379.2 159.3 369.5 230.1 
467.4 153.0 481.3 215.5 
369.5 234.2 380.6 288.4 
480.6 221.7 486.2 266.9 
419.5 81.5 420.9 130.8 
205.7 176.6 225.1 387.0 
147.3 205.1 130.7 384.9 
-257.0 -327.3 -348.7 -345.3 
161.2 395.3 304.3 371.0 
257.0 327.3 348.7 345.3 
232.1 18.3 220.2 123.2 
061310.jpg 2
420.9 164.8 439.0 319.6 
359.1 175.2 354.9 259.2 
482.7 167.6 494.5 248.1 
354.9 265.5 364.7 332.8 
496.6 253.7 494.5 320.3 
425.8 83.6 419.5 138.4 
209.8 184.9 207.8 382.8 
140.4 188.4 132.1 361.3 
-258.4 -307.1 -320.9 -353.0 
150.1 383.5 291.1 387.0 
258.4 307.1 320.9 353.0 
223.7 29.4 236.9 143.3 
061403.jpg 1
285.5 205.8 319.5 327.3 
240.4 189.1 182.8 250.9 
341.8 189.8 334.1 314.1 
175.8 253.7 107.8 298.8 
334.8 321.7 241.8 328.7 
249.4 122.5 255.7 186.3 
061612.jpg 2
437.6 174.5 443.8 327.3 
375.8 179.4 352.2 253.0 
503.5 173.1 516.0 261.3 
345.2 254.4 349.4 275.2 
520.2 273.8 511.9 341.2 
438.3 82.2 438.3 143.3 
191.8 191.9 205.7 371.7 
141.1 205.1 149.4 366.9 
-243.9 -329.4 -316.8 -378.7 
-141.1 -205.1 -149.4 -366.9 
243.9 329.4 316.8 378.7 
232.7 44.7 214.0 154.4 
061631.jpg 2
443.8 171.1 443.1 302.3 
375.8 180.1 348.7 249.5 
505.6 180.1 517.4 257.9 
345.2 253.7 348.0 277.3 
520.2 272.4 513.9 328.7 
442.4 81.5 435.5 142.6 
221.6 185.6 218.2 378.0 
183.5 208.6 189.0 375.9 
-260.5 -348.8 -325.1 -355.7 
192.5 393.2 330.0 396.7 
260.5 348.8 325.1 355.7 
259.1 41.9 266.8 148.8 
062028.jpg 1
430.6 176.6 429.2 341.2 
361.9 181.5 353.6 276.6 
494.5 184.3 506.3 279.4 
353.6 284.2 354.9 359.9 
509.8 289.1 500.1 356.4 
434.1 85.7 425.1 148.8 
062541.jpg 1
332.0 164.1 336.2 299.5 
296.6 164.1 296.6 239.1 
380.6 173.1 417.4 273.1 
295.9 251.6 261.9 316.2 
425.1 285.6 379.2 346.0 
293.8 85.7 308.4 146.8 
062675.jpg 2
252.9 113.4 246.6 251.6 
205.7 103.7 193.9 189.8 
307.7 132.9 303.6 216.2 
193.2 194.0 183.5 250.2 
307.7 231.5 254.3 270.3 
289.0 50.3 279.3 108.6 
533.4 187.7 540.3 310.6 
490.3 198.1 505.6 287.7 
-533.4 -187.7 -540.3 -310.6 
508.4 291.9 521.6 343.3 
-533.4 -187.7 -540.3 -310.6 
494.5 108.6 489.6 166.9 
